# time_s  celsius  duty_pct
1.067 33.7800 100.0
1.078 43.9500 100.0
1.088 44.1200 100.0
1.099 49.0300 100.0
1.110 53.7300 81.8
1.120 45.0600 100.0
1.131 54.6900 56.0
1.142 41.9600 100.0
1.153 55.3700 37.9
1.163 40.8000 100.0
1.174 54.6900 55.5
1.185 39.5400 100.0
1.196 53.4800 87.6
1.206 40.7000 100.0
1.217 50.4500 100.0
1.228 48.8300 100.0
1.239 53.7300 80.2
1.249 49.2200 100.0
1.260 48.6700 100.0
1.271 58.2100 0.0
1.282 50.3500 100.0
1.292 63.7300 0.0
1.303 51.0900 100.0
1.314 66.2000 0.0
1.325 51.5000 100.0
1.335 66.0000 0.0
1.346 53.3300 91.0
1.357 56.1800 15.7
1.368 44.8800 100.0
1.378 50.7800 100.0
1.389 53.5500 85.0
1.400 45.6000 100.0
1.411 53.3000 91.5
1.421 42.2600 100.0
1.432 54.0300 72.1
1.443 40.7000 100.0
1.453 54.3200 63.8
1.464 39.1400 100.0
1.475 54.0300 71.5
1.486 39.9700 100.0
1.496 52.0200 100.0
1.507 47.9700 100.0
1.518 54.8400 49.1
1.529 47.4000 100.0
1.539 49.3900 100.0
1.550 56.5700 2.9
1.561 45.3000 100.0
1.572 57.3600 0.0
1.582 48.2200 100.0
1.593 62.5600 0.0
1.604 50.0400 100.0
1.615 65.4400 0.0
1.625 51.6400 100.0
1.636 64.0700 0.0
1.647 54.0300 71.0
1.658 53.0100 97.9
1.668 44.8800 100.0
1.679 48.6400 100.0
1.690 54.4300 59.7
1.701 45.1800 100.0
1.711 55.2900 36.5
1.722 41.9600 100.0
1.733 54.8800 47.4
1.744 39.4600 100.0
1.754 53.8100 75.6
1.765 39.0700 100.0
1.776 52.7600 100.0
1.787 46.2900 100.0
1.797 56.6100 0.7
1.808 47.6500 100.0
1.819 51.9200 100.0
1.829 56.0200 16.0
1.840 45.4200 100.0
1.851 55.0700 41.1
1.862 42.6600 100.0
1.872 55.0300 42.1
1.883 40.7000 100.0
1.894 54.8000 47.7
1.905 40.2100 100.0
1.915 54.0600 67.1
1.926 40.7200 100.0
1.937 51.4000 100.0
1.948 48.7000 100.0
1.958 54.2500 61.8
1.969 49.0600 100.0
1.980 49.0600 100.0
1.991 58.0500 0.0
2.001 50.1400 100.0
2.012 62.9300 0.0
2.023 51.0200 100.0
2.034 65.8500 0.0
2.044 51.1900 100.0
2.055 66.0000 0.0
2.066 52.3700 100.0
2.077 63.4900 0.0
2.087 55.6400 25.5
2.098 52.4100 100.0
2.109 53.7000 77.0
2.120 45.8700 100.0
2.130 53.3300 86.4
2.141 43.4300 100.0
2.152 54.8400 46.0
2.162 40.4000 100.0
2.173 54.6200 51.8
2.184 39.5400 100.0
2.195 53.6200 77.9
2.205 38.9900 100.0
2.216 51.3300 100.0
2.227 46.8700 100.0
2.238 55.3300 31.8
2.248 46.9700 100.0
2.259 50.2400 100.0
2.270 56.0600 12.4
2.281 45.2700 100.0
2.291 56.5700 0.0
2.302 48.2500 100.0
2.313 62.3300 0.0
2.324 49.7800 100.0
2.334 65.3400 0.0
2.345 51.1200 100.0
2.356 64.6000 0.0
2.367 53.3700 84.1
2.377 53.9900 67.7
2.388 44.5900 100.0
2.399 49.2900 100.0
2.410 53.5200 80.1
2.420 45.8700 100.0
2.431 54.8000 45.6
2.442 42.0700 100.0
2.453 54.3600 57.2
2.463 40.2100 100.0
2.474 54.1400 62.7
2.485 39.4900 100.0
2.495 53.4100 81.7
2.506 40.9400 100.0
2.517 52.2000 100.0
2.528 48.8000 100.0
2.538 54.7300 46.2
2.548 48.2900 100.0
2.559 48.9000 100.0
2.570 57.3200 0.0
2.580 50.6500 100.0
2.591 63.1600 0.0
2.602 51.4000 100.0
2.613 66.0000 0.0
2.623 51.0500 100.0
2.634 66.2000 0.0
2.645 52.3700 100.0
2.656 64.2600 0.0
2.666 55.0300 38.8
2.677 53.1200 89.5
2.688 45.6600 100.0
2.699 48.3800 100.0
2.709 54.8800 42.6
2.720 43.7400 100.0
2.731 54.7700 45.3
2.742 41.4600 100.0
2.752 54.6500 48.0
2.763 40.2400 100.0
2.774 54.9200 40.6
2.785 40.0200 100.0
2.795 53.2300 85.5
2.806 41.0500 100.0
2.817 49.8500 100.0
2.828 49.5800 100.0
2.838 52.6900 99.1
2.849 51.1600 100.0
2.860 48.4500 100.0
2.870 59.3800 0.0
2.881 49.8800 100.0
2.892 64.0200 0.0
2.903 50.9900 100.0
2.913 66.0500 0.0
2.925 51.7800 100.0
2.936 63.9200 0.0
2.947 55.2200 32.6
2.957 54.5800 49.6
2.968 48.4500 100.0
2.979 50.6500 100.0
2.990 56.2900 3.8
3.000 47.0900 100.0
3.011 57.4800 0.0
3.022 48.9300 100.0
3.033 63.5900 0.0
3.043 50.2100 100.0
3.054 65.8500 0.0
3.065 51.2300 100.0
3.076 64.8500 0.0
3.086 54.0600 63.6
3.097 55.9800 12.5
3.108 47.2800 100.0
3.119 51.5700 100.0
3.129 56.1000 9.2
3.140 46.9100 100.0
3.151 57.6400 0.0
3.162 49.5500 100.0
3.172 62.9800 0.0
3.183 50.4500 100.0
3.194 66.1000 0.0
3.204 51.5300 100.0
3.215 65.8000 0.0
3.226 53.5900 76.5
3.237 56.8800 0.0
3.247 52.6900 100.0
3.258 57.3200 0.0
3.269 58.2900 0.0
3.280 55.2600 32.5
3.290 56.9200 0.0
3.301 50.1100 100.0
3.312 63.3100 0.0
3.323 50.9900 100.0
3.333 65.9000 0.0
3.344 51.4700 100.0
3.355 66.4100 0.0
3.366 52.6200 100.0
3.376 63.8300 0.0
3.387 55.3700 30.3
3.397 54.4700 54.3
3.408 47.9400 100.0
3.418 50.2800 100.0
3.429 57.0000 0.0
3.440 51.0500 100.0
3.451 63.3100 0.0
3.461 51.6400 100.0
3.472 65.8000 0.0
3.483 51.3600 100.0
3.494 67.0300 0.0
3.504 52.1600 100.0
3.515 65.0000 0.0
3.526 54.6900 49.0
3.537 54.5800 52.0
3.547 47.3400 100.0
3.558 50.3800 100.0
3.569 56.1000 11.6
3.579 46.4400 100.0
3.590 57.2000 0.0
3.601 48.7400 100.0
3.612 63.1200 0.0
3.622 50.4100 100.0
3.633 65.3900 0.0
3.644 51.2300 100.0
3.655 64.8000 0.0
3.665 53.7700 73.6
3.676 54.6200 51.1
3.687 45.5400 100.0
3.698 49.7100 100.0
3.708 54.2100 61.8
3.719 45.8100 100.0
3.730 55.1400 36.8
3.741 42.5700 100.0
3.751 55.6000 24.4
3.762 40.4200 100.0
3.773 55.2900 32.2
3.784 40.1800 100.0
3.794 54.8400 44.2
3.805 40.9900 100.0
3.816 51.7800 100.0
3.827 49.1600 100.0
3.837 54.3900 55.5
3.848 50.2100 100.0
3.859 50.1400 100.0
3.870 58.6200 0.0
3.880 51.0200 100.0
3.891 63.4500 0.0
3.902 51.2900 100.0
3.912 66.2000 0.0
3.923 51.2900 100.0
3.934 66.3100 0.0
3.945 52.3400 100.0
3.955 63.4000 0.0
3.966 54.9200 42.3
3.977 53.6600 75.7
3.988 46.2600 100.0
3.998 48.6400 100.0
4.009 55.2200 33.9
4.020 44.5000 100.0
4.031 55.1100 37.0
4.041 41.0800 100.0
4.052 54.9500 40.7
4.063 40.2100 100.0
4.074 54.4300 54.3
4.084 39.3000 100.0
4.095 52.0200 100.0
4.106 46.9700 100.0
4.117 55.4800 25.9
4.127 46.7200 100.0
4.138 50.6800 100.0
4.149 56.1000 9.3
4.160 45.3300 100.0
4.170 55.8700 15.3
4.181 42.4000 100.0
4.192 55.9800 12.0
4.203 40.6100 100.0
4.213 54.7700 44.2
4.224 39.8900 100.0
4.235 53.9200 66.5
4.245 41.1900 100.0
4.256 51.7400 100.0
4.267 49.7800 100.0
4.278 54.1000 61.1
4.288 49.4500 100.0
4.299 48.6100 100.0
4.310 58.3700 0.0
4.321 50.3100 100.0
4.331 63.4900 0.0
4.342 50.9500 100.0
4.353 66.1000 0.0
4.364 51.1900 100.0
4.374 65.6500 0.0
4.385 52.5500 100.0
4.396 63.0200 0.0
4.407 55.4500 26.0
4.417 52.4100 100.0
4.428 53.8100 69.6
4.439 47.8100 100.0
4.450 54.9900 38.1
4.460 43.8300 100.0
4.471 55.1100 34.9
4.482 41.3800 100.0
4.493 54.6200 47.5
4.503 40.4800 100.0
4.514 54.9500 38.0
4.525 40.0500 100.0
4.536 53.2600 82.9
4.546 41.8700 100.0
4.557 50.0400 100.0
4.568 50.3100 100.0
4.578 53.0800 87.1
4.589 49.7800 100.0
4.600 47.3400 100.0
4.611 58.5800 0.0
4.621 49.4200 100.0
4.632 63.7300 0.0
4.643 50.6800 100.0
4.654 65.7000 0.0
4.664 51.4700 100.0
4.675 64.5000 0.0
4.686 53.7700 69.4
4.697 53.9900 63.5
4.707 44.9100 100.0
4.718 49.3900 100.0
4.729 54.0600 61.2
4.740 44.4700 100.0
4.750 54.6900 44.2
4.761 42.0100 100.0
4.772 55.3700 26.2
4.783 40.2600 100.0
4.793 54.3900 51.9
4.804 40.1600 100.0
4.815 53.9200 64.2
4.826 40.5100 100.0
4.836 50.2400 100.0
4.847 48.8000 100.0
4.858 53.7000 69.7
4.869 48.8300 100.0
4.879 48.1600 100.0
4.890 58.0500 0.0
4.901 49.4500 100.0
4.912 63.0700 0.0
4.922 50.7800 100.0
4.933 65.6000 0.0
4.944 50.9900 100.0
4.954 65.9000 0.0
4.965 53.1500 84.4
4.976 55.0700 33.7
4.987 45.0000 100.0
4.997 50.8200 100.0
5.008 53.4400 76.7
5.019 46.8700 100.0
5.030 54.0600 60.0
5.040 42.6000 100.0
5.051 54.8000 40.0
5.062 40.6100 100.0
5.073 54.2100 55.5
5.083 40.3700 100.0
5.094 54.5400 46.4
5.105 39.8600 100.0
5.116 51.7800 100.0
5.126 48.3800 100.0
5.137 54.8800 36.8
5.148 48.5100 100.0
5.159 50.0100 100.0
5.169 57.6400 0.0
5.180 50.7500 100.0
5.191 63.1600 0.0
5.202 51.2300 100.0
5.212 65.8500 0.0
5.223 51.6700 100.0
5.234 66.7700 0.0
5.245 52.5500 99.4
5.255 56.4500 0.0
5.266 49.7800 100.0
5.277 57.1600 0.0
5.287 55.8300 12.3
5.298 48.1600 100.0
5.309 55.3300 25.6
5.320 44.0600 100.0
5.330 55.9100 10.1
5.341 41.6800 100.0
5.352 55.2200 28.1
5.363 40.1800 100.0
5.373 54.5100 46.8
5.384 39.8100 100.0
5.395 53.1200 83.5
5.406 41.7400 100.0
5.416 50.3500 100.0
5.427 50.2400 100.0
5.438 53.2600 79.2
5.449 50.7200 100.0
5.459 47.6900 100.0
5.470 59.6300 0.0
5.481 49.2200 100.0
5.492 64.9000 0.0
5.502 49.7100 100.0
5.513 67.0900 0.0
5.524 50.4800 100.0
5.535 65.5400 0.0
5.545 52.5500 98.6
5.556 53.5900 70.9
5.567 42.6300 100.0
5.578 47.5300 100.0
5.588 51.9200 100.0
5.599 50.2400 100.0
5.610 60.9300 0.0
5.620 50.3800 100.0
5.631 64.9000 0.0
5.642 50.2400 100.0
5.653 66.7700 0.0
5.663 50.3100 100.0
5.674 67.0300 0.0
5.685 51.8500 100.0
5.696 62.9300 0.0
5.706 55.2900 26.2
5.717 50.5800 100.0
5.728 52.6200 97.4
5.739 44.4400 100.0
5.749 52.7300 94.3
5.760 39.9100 100.0
5.771 52.7300 94.0
5.782 38.4600 100.0
5.792 52.7300 93.3
5.803 37.1000 100.0
5.814 51.2300 100.0
5.825 42.8300 100.0
5.835 56.1000 3.2
5.846 43.4300 100.0
5.857 49.3200 100.0
5.868 52.2700 100.0
5.878 51.6400 100.0
5.889 60.9300 0.0
5.900 50.6800 100.0
5.911 65.2400 0.0
5.921 50.5800 100.0
5.932 67.3000 0.0
5.943 50.3500 100.0
5.953 67.3000 0.0
5.964 51.0900 100.0
5.975 64.0200 0.0
5.986 54.5100 46.3
5.996 51.6000 100.0
6.007 52.6600 95.4
6.018 46.0500 100.0
6.029 52.3400 100.0
6.039 47.8400 100.0
6.050 61.1100 0.0
6.061 49.2500 100.0
6.072 65.1500 0.0
6.082 49.9500 100.0
6.093 67.0300 0.0
6.104 50.7200 100.0
6.115 64.7500 0.0
6.125 53.7000 68.3
6.136 52.0200 100.0
6.147 51.1600 100.0
6.158 53.1500 82.5
6.168 50.6100 100.0
6.179 46.8400 100.0
6.190 59.5500 0.0
6.201 48.6100 100.0
6.211 64.3600 0.0
6.222 49.8500 100.0
6.233 66.8800 0.0
6.244 50.2100 100.0
6.254 65.7000 0.0
6.265 53.1200 84.2
6.276 52.3000 100.0
6.287 49.6800 100.0
6.297 53.9900 60.9
6.308 48.9600 100.0
6.319 46.9700 100.0
6.329 58.5800 0.0
6.340 48.8000 100.0
6.351 63.7300 0.0
6.362 49.7100 100.0
6.372 66.3600 0.0
6.383 50.3800 100.0
6.394 66.3600 0.0
6.405 52.0600 100.0
6.415 63.0200 0.0
6.426 55.4800 21.8
6.437 50.2100 100.0
6.448 53.5900 72.2
6.458 45.1200 100.0
6.469 53.8100 66.1
6.480 40.4000 100.0
6.491 52.9000 89.8
6.501 37.2800 100.0
6.512 51.9500 100.0
6.523 42.6600 100.0
6.534 59.6700 0.0
6.544 47.5300 100.0
6.555 60.5800 0.0
6.566 52.6900 94.8
6.577 50.8200 100.0
6.587 51.5300 100.0
6.598 52.2300 100.0
6.609 60.0600 0.0
6.620 51.2300 100.0
6.630 65.0500 0.0
6.641 50.8200 100.0
6.652 66.8200 0.0
6.662 50.5800 100.0
6.673 67.6700 0.0
6.684 51.2300 100.0
6.695 64.6000 0.0
6.705 53.9500 62.4
6.716 51.9200 100.0
6.727 51.2300 100.0
6.738 53.1500 83.4
6.748 50.7200 100.0
6.759 47.1800 100.0
6.770 59.6700 0.0
6.781 48.5700 100.0
6.791 64.8000 0.0
6.802 49.7100 100.0
6.813 66.6200 0.0
6.824 50.4800 100.0
6.834 65.6000 0.0
6.845 52.8300 92.6
6.856 53.3300 79.3
6.867 42.6000 100.0
6.877 47.2500 100.0
6.888 51.9200 100.0
6.899 49.6500 100.0
6.910 60.8900 0.0
6.920 50.1400 100.0
6.931 65.3900 0.0
6.942 50.3500 100.0
6.953 67.0300 0.0
6.963 50.4800 100.0
6.974 66.8800 0.0
6.985 52.1300 100.0
6.995 62.8400 0.0
7.006 55.4800 22.7
7.017 50.0100 100.0
7.028 53.0100 88.4
7.038 44.5300 100.0
7.049 53.5500 73.8
7.060 40.1300 100.0
7.071 53.0100 87.8
7.081 37.8900 100.0
7.092 52.6200 97.8
7.103 36.4900 100.0
7.114 51.7800 100.0
7.124 43.3700 100.0
7.135 56.5700 0.0
7.146 50.1400 100.0
7.157 57.0000 0.0
7.167 56.2500 0.5
7.178 48.6100 100.0
7.189 56.1000 4.6
7.200 43.0000 100.0
7.209 54.8800 36.8
7.220 39.8600 100.0
7.231 53.9200 62.3
7.242 39.7300 100.0
7.253 54.6200 43.4
7.263 40.2400 100.0
7.274 54.5800 44.0
7.285 43.1700 100.0
7.295 52.0200 100.0
7.306 51.5000 100.0
7.317 54.3200 50.6
7.328 53.1500 81.7
7.338 45.0000 100.0
7.349 55.3300 23.5
7.360 42.8800 100.0
7.370 56.5300 0.0
7.381 46.6600 100.0
7.392 62.4700 0.0
7.403 49.8100 100.0
7.413 63.8800 0.0
7.424 52.9800 86.4
7.435 56.4100 0.0
7.446 53.2600 78.6
7.456 50.6800 100.0
7.467 54.2500 52.4
7.478 47.3100 100.0
7.489 56.1400 2.3
7.499 44.8500 100.0
7.510 58.2100 0.0
7.521 48.4100 100.0
7.532 62.8800 0.0
7.542 49.8500 100.0
7.553 65.2900 0.0
7.564 52.3700 100.0
7.575 63.3500 0.0
7.585 55.6000 16.9
7.596 53.9500 60.7
7.607 48.9600 100.0
7.618 50.0100 100.0
7.628 57.2800 0.0
7.639 51.2600 100.0
7.650 63.4500 0.0
7.661 51.5700 100.0
7.671 65.8000 0.0
7.682 51.4700 100.0
7.693 66.5600 0.0
7.703 52.5500 98.8
7.714 58.0100 0.0
7.725 50.9200 100.0
7.736 58.4200 0.0
7.746 56.6900 0.0
7.757 56.6900 0.0
7.768 61.3300 0.0
7.779 54.5800 45.3
7.789 57.8800 0.0
7.800 49.2200 100.0
7.811 63.0200 0.0
7.822 50.6500 100.0
7.832 66.1500 0.0
7.843 51.4000 100.0
7.854 65.4900 0.0
7.865 54.0600 59.6
7.875 55.4500 22.8
7.886 46.0800 100.0
7.897 50.5100 100.0
7.908 54.6900 42.9
7.918 46.3800 100.0
7.929 56.2500 1.2
7.940 44.5000 100.0
7.951 56.9200 0.0
7.961 47.5600 100.0
7.972 62.2800 0.0
7.983 49.9500 100.0
7.994 64.6500 0.0
8.004 52.1300 100.0
8.015 62.7900 0.0
8.026 55.3300 26.0
8.037 53.2600 81.1
8.047 48.4100 100.0
8.058 48.9600 100.0
8.069 57.0800 0.0
8.079 50.7500 100.0
8.090 63.4000 0.0
8.101 51.0500 100.0
8.112 65.8000 0.0
8.122 51.3600 100.0
8.133 66.4100 0.0
8.144 52.8000 93.8
8.155 58.4200 0.0
8.165 51.8100 100.0
8.176 58.7500 0.0
8.187 57.1600 0.0
8.198 56.6900 0.0
8.208 62.1500 0.0
8.219 54.7700 42.2
8.230 58.2500 0.0
8.241 49.1600 100.0
8.251 63.4500 0.0
8.262 50.5100 100.0
8.273 65.7000 0.0
8.284 51.6000 100.0
8.294 65.2900 0.0
8.305 54.2100 57.6
8.316 54.9900 37.1
8.326 47.4300 100.0
8.337 51.0200 100.0
8.348 55.6800 18.8
8.358 46.5400 100.0
8.369 56.7600 0.0
8.379 48.5700 100.0
8.390 62.4700 0.0
8.401 50.4100 100.0
8.412 65.7000 0.0
8.422 51.3600 100.0
8.433 65.6000 0.0
8.444 53.5500 75.6
8.454 57.3200 0.0
8.465 51.8100 100.0
8.476 56.9200 0.0
8.487 57.4400 0.0
8.497 55.2200 31.5
8.508 55.2900 29.5
8.519 44.0900 100.0
8.530 56.2900 2.8
8.540 43.0500 100.0
