# time_s  celsius  duty_pct
1.504 30.6400 0.0
2.006 30.5900 0.0
2.508 30.5500 0.4
3.009 30.5000 0.9
3.510 30.5200 0.9
4.012 30.4800 1.5
4.513 30.5200 1.3
5.015 30.5700 1.1
5.516 30.5200 1.7
6.017 30.4800 2.2
6.519 30.4300 2.8
7.020 30.4800 2.6
7.522 30.4500 3.0
8.023 30.4300 3.4
8.524 30.4300 3.6
9.026 30.4100 4.1
9.527 30.3600 4.7
10.028 30.4100 4.5
10.529 30.4300 4.5
11.030 30.4100 5.0
11.532 30.3800 5.4
12.033 30.3600 5.9
12.535 30.3600 6.1
13.036 30.4300 5.8
13.537 30.3600 6.7
14.039 30.3600 7.0
14.540 30.3800 7.0
15.042 30.3400 7.7
15.543 30.3800 7.6
16.044 30.3600 8.1
16.546 30.3600 8.4
17.047 30.3600 8.8
17.549 30.3800 8.9
18.051 30.2900 10.0
18.552 30.3400 9.9
19.053 30.2700 10.8
19.555 30.3600 10.4
20.056 30.3100 11.1
20.558 30.3800 10.9
21.059 30.3400 11.6
21.560 30.4100 11.4
22.062 30.3800 12.0
22.563 30.4100 12.2
23.065 30.4300 12.4
23.566 30.4100 13.0
24.067 30.3800 13.6
24.569 30.4800 13.2
25.069 30.4100 14.2
25.571 30.4800 14.1
26.072 30.4500 14.7
26.574 30.4800 14.9
27.075 30.4800 15.4
27.577 30.5200 15.4
28.078 30.5700 15.5
28.580 30.6400 15.4
29.081 30.5700 16.5
29.583 30.6600 16.2
30.084 30.6400 16.9
30.586 30.7100 16.8
31.087 30.7300 17.1
31.589 30.7800 17.3
32.090 30.8000 17.6
32.592 30.8500 17.8
33.093 30.9000 17.9
33.595 30.9600 17.9
34.096 30.9400 18.7
34.598 31.0100 18.6
35.099 31.0800 18.6
35.601 31.1000 19.0
36.102 31.2000 18.8
36.603 31.2700 18.9
37.105 31.3800 18.5
37.606 31.3100 19.8
38.108 31.4300 19.4
38.609 31.4800 19.7
39.111 31.4800 20.3
39.611 31.5200 20.6
40.112 31.6700 20.1
40.614 31.7400 20.1
41.115 31.7800 20.4
41.617 31.8800 20.4
42.118 31.9700 20.3
42.619 32.0200 20.6
43.121 32.0900 20.7
43.622 32.2100 20.5
44.124 32.2500 20.8
44.625 32.4000 20.4
45.127 32.4400 20.8
45.628 32.5900 20.3
46.129 32.7000 20.1
46.631 32.8000 20.1
47.132 32.8000 21.0
47.634 32.9700 20.4
48.135 33.0400 20.6
48.637 33.1100 20.8
49.138 33.2500 20.4
49.639 33.3700 20.2
50.141 33.4900 20.1
50.643 33.5900 20.2
51.144 33.7300 19.8
51.646 33.9300 19.1
52.147 33.9500 19.8
52.648 34.1500 19.1
53.150 34.2400 19.2
53.651 34.3600 19.1
54.152 34.4100 19.6
54.653 34.5800 19.1
55.155 34.7500 18.6
55.656 34.8800 18.5
56.158 35.0500 18.0
56.659 35.2000 17.8
57.160 35.1700 19.0
57.662 35.4700 17.4
58.163 35.5400 17.8
58.665 35.7400 17.1
59.166 35.8200 17.5
59.667 35.9400 17.4
60.169 36.0700 17.4
60.670 36.2900 16.5
61.172 36.4400 16.2
61.673 36.6400 15.6
62.174 36.6900 16.2
62.676 36.9200 15.3
63.177 37.1000 14.8
63.679 37.2000 15.1
64.180 37.3600 14.8
64.682 37.5300 14.4
65.183 37.7100 13.9
65.685 37.8200 14.2
66.187 38.0000 13.7
66.688 38.1000 13.9
67.190 38.3600 12.8
67.691 38.4100 13.4
68.193 38.6200 12.7
68.694 38.8300 12.1
69.195 38.9600 12.1
69.696 39.0700 12.2
70.198 39.3000 11.3
70.699 39.3800 11.8
71.201 39.5100 11.7
71.702 39.7300 11.0
72.204 39.8900 10.7
72.705 40.0200 10.7
73.207 40.1800 10.4
73.708 40.3400 10.1
74.210 40.4800 10.1
74.711 40.6700 9.6
75.212 40.8000 9.5
75.714 40.8900 9.9
76.215 41.1300 8.9
76.717 41.1000 10.2
77.218 41.4100 8.6
77.719 41.6000 8.1
78.221 41.7100 8.2
78.722 41.9000 7.7
79.224 42.0100 7.8
79.725 42.2100 7.2
80.226 42.4900 6.0
80.728 42.4600 7.3
81.229 42.5200 7.9
81.731 42.8300 6.3
82.232 42.8600 7.1
82.734 43.0500 6.5
83.235 43.2000 6.3
83.736 43.3400 6.2
84.237 43.5400 5.5
84.739 43.5700 6.3
85.240 43.8300 5.1
85.742 44.0000 4.7
86.243 44.0600 5.3
86.744 44.1200 5.8
87.246 44.3800 4.6
87.748 44.5000 4.6
88.249 44.7300 3.7
88.751 44.7600 4.5
89.252 44.7300 5.7
89.753 45.0300 4.2
90.255 45.0600 4.9
90.756 45.2400 4.3
91.258 45.3900 4.1
91.759 45.4800 4.3
92.261 45.7500 3.0
92.762 45.7500 4.0
93.263 45.8400 4.2
93.765 45.9900 3.8
94.266 46.1400 3.5
94.768 46.2300 3.7
95.269 46.4400 2.8
95.770 46.4400 3.8
96.272 46.5400 3.9
96.773 46.6300 4.1
97.275 46.7800 3.7
97.776 46.9100 3.5
98.277 46.9700 3.9
98.779 47.1200 3.5
99.280 47.2800 3.1
99.781 47.2500 4.3
100.283 47.3700 4.1
100.784 47.5300 3.6
101.286 47.6500 3.4
101.787 47.6500 4.3
102.289 47.8700 3.3
102.790 47.9700 3.4
103.292 48.0300 3.7
103.794 48.0000 4.8
104.295 48.1900 4.0
104.797 48.2900 4.1
105.298 48.4500 3.6
105.800 48.5700 3.4
106.301 48.5700 4.2
106.802 48.6100 4.8
107.304 48.6100 5.5
107.805 48.8000 4.7
108.307 48.9300 4.4
108.808 48.9300 5.2
109.310 48.9900 5.5
109.812 49.2200 4.3
110.313 49.1900 5.4
110.815 49.1900 6.2
111.316 49.2500 6.4
111.817 49.4200 5.8
112.319 49.5200 5.7
112.819 49.5800 5.9
113.321 49.6500 6.1
113.822 49.6800 6.6
114.323 49.8100 6.2
114.825 49.9500 5.9
115.327 50.0800 5.6
115.828 49.9500 7.5
116.330 49.9800 7.9
116.831 50.1100 7.5
117.332 50.1800 7.7
117.834 50.2800 7.6
118.335 50.2100 8.8
118.837 50.3500 8.4
119.338 50.4500 8.3
119.840 50.5100 8.4
120.341 50.5100 9.2
120.843 50.6100 9.0
121.344 50.7200 8.9
121.845 50.6100 10.5
122.347 50.8200 9.4
122.848 50.7800 10.4
123.350 50.9200 10.0
123.851 50.9200 10.7
124.353 50.9900 10.8
124.854 51.0500 10.9
125.356 50.9200 12.8
125.857 51.1200 11.7
126.359 51.2900 10.9
126.860 51.2600 11.9
127.361 51.2900 12.3
127.862 51.3600 12.4
128.364 51.4300 12.6
128.865 51.4000 13.5
129.367 51.5700 12.7
129.868 51.4000 14.9
130.370 51.6000 13.8
130.871 51.6700 13.9
131.373 51.7800 13.7
131.875 51.9500 12.9
132.376 51.7800 15.2
132.877 52.0600 13.5
133.379 51.9500 15.1
133.880 52.2300 13.4
134.382 52.2300 14.2
134.883 52.2300 14.9
135.385 52.2700 15.4
135.886 52.4400 14.6
136.388 52.4100 15.6
136.889 52.4800 15.8
137.391 52.5800 15.6
137.892 52.5100 16.9
138.394 52.5500 17.3
138.895 52.6900 16.8
139.397 52.7600 16.9
139.898 52.8000 17.3
140.400 53.1900 14.8
140.901 53.0100 17.1
141.402 53.0800 17.2
141.903 53.2300 16.8
142.404 53.0500 19.0
142.906 53.4400 16.4
143.407 53.2600 18.7
143.909 53.2600 19.4
144.410 53.3300 19.5
144.911 53.6200 17.8
145.413 53.5200 19.5
145.914 53.6600 19.0
146.416 53.8100 18.5
146.917 53.7700 19.6
147.419 53.8800 19.4
147.920 54.0300 19.0
148.422 54.1000 19.1
148.923 54.1700 19.3
149.425 54.2100 19.8
149.926 54.2800 19.9
150.428 54.3200 20.4
150.929 54.4300 20.2
151.430 54.4700 20.7
151.932 54.4700 21.5
152.433 54.6500 20.7
152.935 54.6900 21.2
153.436 54.7300 21.6
153.937 54.9500 20.5
154.439 55.0300 20.7
154.940 55.2200 19.9
155.442 55.1800 21.1
155.943 55.2200 21.6
156.444 55.2900 21.8
156.945 55.4800 21.0
157.446 55.5200 21.5
157.948 55.6400 21.4
158.449 55.6400 22.2
158.951 55.8300 21.4
159.452 55.7500 22.9
159.954 56.0600 21.1
160.455 56.1000 21.7
160.957 56.1400 22.2
161.458 56.3300 21.4
161.960 56.4100 21.6
162.461 56.4900 21.8
162.962 56.6100 21.7
163.464 56.8000 20.9
163.966 56.8400 21.5
164.467 57.1600 19.8
164.969 57.0400 21.7
165.470 57.2000 21.3
165.971 57.3200 21.2
166.473 57.4000 21.4
166.974 57.6000 20.6
167.476 57.6000 21.6
167.977 57.8000 20.8
168.479 57.7200 22.4
168.980 58.0500 20.5
169.481 58.1700 20.5
169.983 58.1700 21.4
170.484 58.2900 21.3
170.986 58.5000 20.5
171.486 58.6200 20.4
171.987 58.6600 21.0
172.489 58.7500 21.2
172.990 58.8700 21.1
173.492 59.0800 20.3
173.993 59.1700 20.5
174.495 59.5900 17.9
174.996 59.3800 20.8
175.498 59.6700 19.2
175.999 59.8900 18.4
176.500 59.8900 19.4
177.002 60.0600 19.0
177.503 60.1000 19.6
178.005 60.2700 19.1
178.506 60.4500 18.7
179.008 60.5800 18.6
179.509 60.6200 19.2
180.010 60.8400 18.3
180.512 60.9300 18.6
181.014 61.1100 18.1
181.515 61.2000 18.3
182.016 61.4200 17.5
182.518 61.5100 17.7
183.019 61.7300 16.9
183.521 61.8200 17.1
184.022 62.1000 15.9
184.524 62.1500 16.5
185.025 62.2800 16.4
185.527 62.2800 17.4
186.027 62.5600 16.1
186.528 62.6100 16.7
187.030 62.7900 16.1
187.531 62.9800 15.6
188.033 63.0700 15.8
188.534 63.2100 15.7
189.035 63.2100 16.7
189.537 63.4900 15.3
190.038 63.5900 15.5
190.540 63.7800 14.9
191.041 63.8800 15.1
191.542 63.9200 15.7
192.044 64.0700 15.5
192.545 64.2100 15.2
193.047 64.3100 15.4
193.548 64.5500 14.3
194.050 64.5000 15.7
194.551 64.6000 15.8
195.053 64.8000 15.1
195.554 64.8500 15.7
196.056 65.0500 15.0
196.558 65.0000 16.3
197.059 65.3900 13.9
197.561 65.3900 14.9
198.062 65.3900 15.8
198.564 65.4400 16.3
199.065 65.6500 15.5
199.567 65.9000 14.3
200.068 66.0000 14.4
200.569 66.0500 14.9
201.070 66.0000 16.3
201.571 66.3600 14.2
202.073 66.3600 15.1
202.574 66.3600 16.0
203.075 66.5600 15.2
203.577 66.7700 14.3
204.078 66.7700 15.2
204.580 66.9300 14.8
205.081 67.1400 14.0
205.582 67.0900 15.4
206.084 67.1900 15.4
206.585 67.1400 16.7
207.087 67.5600 14.0
207.588 67.4600 15.8
208.090 67.4000 17.1
208.591 68.0500 12.5
209.092 67.7200 16.2
209.594 67.8300 16.1
210.095 67.9400 16.1
210.597 68.1500 15.1
211.098 68.2100 15.6
211.599 68.3200 15.5
212.101 68.2600 16.8
212.603 68.4300 16.3
213.104 68.6400 15.3
213.606 68.5900 16.6
214.107 68.7000 16.5
214.609 68.8700 15.9
215.110 68.8700 16.8
215.611 68.9800 16.7
216.112 69.3700 14.2
216.613 69.3100 15.6
217.115 69.3100 16.5
217.616 69.4800 15.9
218.117 69.6500 15.4
218.619 69.6500 16.2
219.120 69.7600 16.1
219.622 69.9300 15.6
220.123 69.9900 16.0
220.625 70.2200 14.9
221.126 69.9300 18.2
221.628 70.2800 16.1
222.129 70.3300 16.4
222.630 70.3300 17.3
223.132 70.6200 15.7
223.633 70.6200 16.5
224.135 70.6800 16.9
224.636 70.8600 16.2
225.137 70.9200 16.6
225.639 71.0900 16.0
226.140 71.3300 14.8
226.642 71.3300 15.8
227.143 71.3900 16.1
227.644 71.8700 13.0
228.146 71.3900 18.0
228.648 71.8700 14.7
229.149 71.7500 16.7
229.651 72.0500 15.0
230.152 71.9900 16.4
230.653 72.4200 13.6
231.154 72.1700 16.6
231.655 72.3600 15.9
232.157 72.5400 15.2
232.658 72.5400 16.1
233.160 72.6000 16.5
233.661 72.8500 15.2
234.162 72.8500 16.1
234.664 73.2300 13.8
235.165 72.6000 20.0
235.667 73.1000 16.5
236.168 73.2900 15.7
236.670 73.4200 15.6
237.171 73.2300 18.0
237.673 73.7300 14.5
238.174 73.8000 14.9
238.675 73.9300 14.8
239.177 73.6100 18.3
239.678 74.1800 14.3
240.180 74.3100 14.1
240.681 74.1800 16.1
241.183 74.2500 16.4
241.684 74.4400 15.6
242.186 74.7100 14.3
242.687 74.6400 15.8
243.189 74.7700 15.5
243.690 74.9000 15.3
244.191 75.0400 15.1
244.693 74.8400 17.6
245.194 75.2400 15.1
245.695 74.8400 19.3
246.197 75.3000 16.1
246.698 75.5700 14.7
247.199 75.5700 15.6
247.701 75.6400 15.9
248.202 75.7700 15.6
248.704 75.7100 17.1
249.205 75.8400 16.7
249.706 76.1200 15.3
250.208 76.0500 16.7
250.709 76.2500 15.8
251.211 76.6000 13.8
251.712 76.2500 17.6
252.213 76.6700 14.9
252.715 76.6000 16.4
253.216 76.7400 16.0
253.718 76.6000 18.1
254.219 77.0200 15.3
254.720 76.8800 17.4
255.222 77.2400 15.2
255.723 77.3100 15.5
256.225 77.6600 13.4
256.726 77.5200 15.6
257.228 77.3800 17.6
257.729 78.0300 13.0
258.231 78.3900 10.9
258.732 78.0300 15.0
259.233 78.0300 15.9
259.735 78.1700 15.5
260.236 78.1700 16.4
260.737 78.3200 16.0
261.238 78.6900 13.7
261.740 78.3900 17.1
262.241 78.6100 16.1
262.743 78.7600 15.6
263.244 78.8300 15.9
263.746 78.9800 15.5
264.247 79.4300 12.5
264.749 79.0600 16.7
265.250 79.2100 16.2
265.751 79.4300 15.1
266.253 79.5900 14.7
266.754 79.6600 15.0
267.256 79.7400 15.2
267.757 79.6600 16.7
268.258 79.5900 18.1
268.760 79.9700 15.7
269.261 80.0500 15.9
269.763 79.8900 18.0
270.264 80.2800 15.5
270.765 80.3600 15.7
271.267 80.4300 15.9
271.768 80.5900 15.5
272.270 80.8300 14.3
272.771 80.7500 15.9
273.272 80.9900 14.8
273.774 80.9100 16.3
274.275 80.7500 18.5
274.777 81.1500 15.9
275.277 81.0700 17.4
275.779 81.2300 16.8
276.280 81.4700 15.6
276.781 81.2300 18.5
277.283 81.6300 15.9
277.784 81.2300 20.1
278.286 81.6300 17.4
278.787 81.9500 15.5
279.289 82.0300 15.7
279.790 82.0300 16.6
280.291 81.8700 18.8
280.793 82.1200 17.5
281.294 82.1200 18.3
281.796 82.4500 16.3
282.297 81.8700 22.0
282.799 82.2000 19.8
283.300 82.2800 19.9
283.801 82.4500 19.2
284.303 82.7800 17.2
284.804 82.7800 18.1
285.306 82.7000 19.6
285.807 82.8600 18.9
286.309 82.7000 21.1
286.810 83.0300 19.0
287.311 82.6100 23.3
287.813 83.3700 17.6
288.314 83.2000 19.9
288.815 83.5400 17.8
289.317 83.2900 20.9
289.818 83.2900 21.6
290.319 83.2000 23.0
290.820 83.5400 20.8
291.322 83.7200 20.2
291.823 83.5400 22.4
292.324 83.8900 20.3
292.826 84.2400 18.2
293.327 84.3300 18.4
293.829 84.1500 20.7
294.330 84.3300 20.1
294.832 84.2400 21.6
295.333 84.4100 20.9
295.835 84.6800 19.5
296.336 84.4100 22.6
296.837 84.5900 21.8
297.339 84.8600 20.4
297.840 84.8600 21.2
298.342 85.0400 20.5
298.843 85.0400 21.2
299.345 85.1300 21.1
299.846 85.3100 20.3
300.347 85.3100 21.0
300.849 85.4000 20.9
301.351 85.4000 21.5
301.852 85.9500 17.6
302.354 85.5800 21.4
302.855 85.7600 20.5
303.357 85.7600 21.1
303.858 86.1300 18.6
304.359 86.1300 19.3
304.861 86.3200 18.4
305.361 86.3200 19.0
305.863 86.2200 20.4
306.364 86.6900 17.1
306.865 86.4100 20.1
307.367 87.1700 14.3
307.869 86.9800 16.7
308.370 87.1700 15.7
308.871 86.8800 18.8
309.373 87.3600 15.3
309.874 87.2600 16.8
310.375 87.4600 15.8
310.877 87.5500 15.6
311.379 87.6500 15.3
311.880 87.7500 15.1
312.382 87.9400 14.1
312.883 87.8500 15.5
313.384 88.3400 11.9
313.886 88.3400 12.6
314.387 88.6400 10.7
314.889 88.7400 10.5
315.390 88.6400 12.0
315.892 89.1400 8.3
316.393 88.5400 14.1
316.895 88.8400 12.0
317.396 88.9400 11.7
317.898 89.2400 9.6
318.399 89.1400 11.0
318.900 89.1400 11.5
319.402 89.6500 7.7
319.902 89.8600 6.5
320.404 89.7600 8.0
320.905 89.3500 12.0
321.407 89.9700 7.2
321.908 89.8600 8.6
322.410 90.2800 5.5
322.911 90.1800 7.0
323.413 90.1800 7.4
323.914 90.4900 5.2
324.415 90.8100 3.0
324.917 90.4900 6.3
325.418 90.6000 5.8
325.920 91.1300 1.8
326.421 90.9200 4.1
326.923 91.2400 1.9
327.425 91.0300 4.2
327.926 91.3500 1.9
328.427 91.1300 4.1
328.929 91.3500 2.7
329.430 91.4600 2.1
329.932 91.6800 0.7
330.433 91.7900 0.2
330.934 91.5700 2.5
331.436 91.9000 0.0
331.937 92.5700 0.0
332.439 91.9000 1.1
332.940 92.1200 0.0
333.441 92.2300 0.0
333.943 92.4600 0.0
334.444 92.3400 0.0
334.945 92.6800 0.0
335.446 92.6800 0.0
335.947 92.9100 0.0
336.449 92.7900 0.0
336.950 92.5700 0.0
337.452 93.0200 0.0
337.953 92.7900 0.0
338.455 93.2500 0.0
338.956 93.0200 0.0
339.457 93.4800 0.0
339.959 93.2500 0.0
340.460 92.9100 0.0
340.962 93.6000 0.0
341.463 93.1400 0.0
341.965 93.3700 0.0
342.466 93.4800 0.0
342.967 93.2500 0.0
343.469 93.3700 0.0
343.971 93.2500 0.0
344.472 93.4800 0.0
344.974 93.8300 0.0
345.475 93.2500 0.0
345.976 93.7200 0.0
346.478 93.3700 0.0
346.979 93.8300 0.0
347.481 93.6000 0.0
347.982 93.8300 0.0
348.483 93.8300 0.0
348.985 93.8300 0.0
349.486 93.4800 0.0
349.987 93.6000 0.0
350.488 93.2500 0.7
350.989 93.8300 0.0
351.491 93.7200 0.0
351.992 93.8300 0.0
352.494 93.6000 0.0
352.995 93.6000 0.0
353.497 93.6000 0.0
353.998 93.9500 0.0
354.499 93.7200 0.0
355.001 93.9500 0.0
355.502 93.7200 0.0
356.004 93.8300 0.0
356.505 93.6000 0.0
357.007 93.7200 0.0
357.508 93.8300 0.0
358.010 93.7200 0.0
358.511 93.7200 0.0
359.012 94.4200 0.0
359.514 93.4800 0.2
360.016 93.6000 0.0
360.517 93.0200 3.9
361.019 93.7200 0.0
361.520 93.6000 0.0
362.021 93.6000 0.0
362.523 93.2500 1.6
363.024 93.2500 1.4
363.526 93.2500 1.2
364.027 93.1400 2.0
364.527 92.9100 3.7
365.029 93.4800 0.0
365.531 93.4800 0.0
366.032 93.3700 0.0
366.533 93.2500 0.6
367.035 93.4800 0.0
367.536 93.3700 0.0
368.037 92.6800 5.2
368.539 93.3700 0.0
369.040 93.2500 0.1
369.542 93.2500 0.0
370.043 92.9100 2.8
370.545 92.1200 9.2
371.046 92.9100 2.1
371.547 93.0200 1.0
372.049 93.0200 0.9
372.550 92.7900 2.7
373.052 92.6800 3.4
373.553 92.6800 3.2
374.054 92.6800 3.0
374.556 92.3400 5.7
375.057 92.7900 1.6
375.559 92.2300 6.2
376.060 92.6800 2.1
376.562 92.7900 1.1
377.063 92.3400 4.8
377.565 92.4600 3.6
378.066 92.2300 5.3
378.567 92.2300 5.0
379.069 92.9100 0.0
379.569 92.1200 5.8
380.071 91.9000 7.4
380.573 92.1200 5.3
381.074 92.0100 6.0
381.576 91.6800 8.5
382.077 91.5700 9.1
382.579 91.7900 6.9
383.080 91.4600 9.4
383.581 92.1200 3.5
384.083 91.5700 8.1
384.584 91.5700 7.8
385.086 91.4600 8.5
385.587 91.3500 9.2
386.088 91.3500 8.9
386.590 91.1300 10.4
387.091 91.2400 9.2
387.593 91.6800 5.3
388.094 91.0300 10.7
388.596 91.4600 6.8
389.097 90.8100 12.1
389.598 90.8100 11.8
390.100 91.0300 9.7
390.601 90.7000 12.1
391.103 90.8100 10.9
391.604 90.6000 12.5
392.106 90.7000 11.3
392.607 91.0300 8.4
393.109 90.8100 10.1
393.610 89.8600 17.9
394.111 90.7000 10.3
394.612 90.2800 13.7
395.113 90.0700 15.2
395.615 90.4900 11.4
396.116 90.4900 11.2
396.618 89.9700 15.5
397.119 90.6000 9.9
397.621 90.1800 13.4
398.122 89.9700 14.9
398.624 89.9700 14.7
399.125 89.8600 15.3
399.626 90.4900 9.8
400.128 90.0700 13.3
400.629 89.7600 15.8
401.131 89.8600 14.7
401.632 89.5500 17.1
402.134 89.8600 14.2
402.635 89.5500 16.7
403.137 89.8600 13.8
403.638 89.9700 12.9
404.139 89.5500 16.3
404.641 89.1400 19.5
405.142 89.0400 20.0
405.643 89.4500 16.3
406.145 89.3500 17.0
406.646 89.3500 16.8
407.148 89.5500 15.0
407.649 89.5500 14.9
408.151 89.4500 15.7
408.652 88.5400 23.2
409.153 89.2400 16.9
409.654 89.2400 16.8
410.156 89.0400 18.4
410.657 89.3500 15.7
411.159 89.4500 14.9
411.660 89.0400 18.3
412.162 89.2400 16.4
412.663 89.2400 16.4
413.165 89.1400 17.2
413.666 89.0400 18.0
414.167 89.1400 17.1
414.669 88.8400 19.5
415.170 88.9400 18.5
415.672 89.2400 15.9
416.173 88.9400 18.5
416.675 88.5400 21.7
417.176 88.9400 18.1
417.678 88.8400 18.9
418.180 89.3500 14.6
418.681 88.6400 20.7
419.182 88.8400 18.8
419.684 89.1400 16.2
420.185 89.0400 17.1
420.686 89.1400 16.3
421.188 88.9400 18.1
421.689 88.7400 19.7
422.191 89.0400 17.1
422.692 89.1400 16.3
423.194 88.8400 18.9
423.694 88.8400 18.8
424.195 89.0400 17.1
424.697 88.9400 18.0
425.199 89.4500 13.7
425.700 89.1400 16.5
426.201 91.0300 0.8
426.703 89.4500 14.8
427.204 89.2400 16.6
427.706 89.2400 16.6
428.207 89.3500 15.7
428.709 89.0400 18.3
429.210 89.7600 12.3
429.711 89.1400 17.6
430.213 89.1400 17.6
430.714 89.5500 14.1
431.215 89.0400 18.5
431.717 89.1400 17.6
432.218 89.0400 18.4
432.720 89.4500 14.9
433.221 89.6500 13.3
433.723 89.6500 13.5
434.224 89.4500 15.3
434.726 89.5500 14.5
435.227 89.4500 15.5
435.728 89.7600 12.9
436.230 89.7600 13.1
436.731 89.1400 18.4
437.233 89.5500 14.9
437.734 89.2400 17.5
438.236 90.0700 10.5
438.736 89.4500 16.0
439.237 89.4500 16.0
439.739 89.6500 14.3
440.240 89.9700 11.8
440.742 89.5500 15.4
441.243 90.4900 7.6
441.745 90.1800 10.6
442.246 90.0700 11.7
442.748 90.1800 10.9
443.249 90.0700 12.0
443.751 90.3900 9.5
444.252 90.2800 10.6
444.753 90.3900 9.8
445.255 90.1800 11.8
445.756 90.3900 10.1
446.258 90.0700 12.9
446.759 90.4900 9.4
447.260 90.3900 10.5
447.762 89.9700 14.1
448.263 90.1800 12.3
448.765 90.6000 8.8
449.266 90.7000 8.1
449.768 90.6000 9.2
450.269 90.6000 9.3
450.770 91.3500 3.2
451.272 90.7000 9.0
451.773 90.7000 9.1
452.275 90.3900 11.8
452.776 90.9200 7.3
453.277 91.2400 4.8
453.778 91.0300 6.9
454.280 91.1300 6.2
454.781 91.2400 5.4
455.283 90.9200 8.3
455.784 91.2400 5.7
456.286 91.1300 6.8
456.788 91.3500 5.1
457.289 91.0300 8.0
457.791 91.2400 6.2
458.292 91.2400 6.3
458.794 91.4600 4.6
459.295 91.5700 3.8
459.797 91.4600 4.9
460.298 91.9000 1.4
460.800 91.2400 7.1
461.301 91.5700 4.4
461.802 91.7900 2.7
462.304 91.3500 6.5
462.805 91.6800 3.8
463.307 91.7900 3.0
463.808 92.5700 0.0
464.309 92.0100 1.8
464.811 91.6800 4.7
465.312 91.9000 2.9
465.814 91.9000 3.0
466.315 91.5700 5.8
466.817 91.7900 3.9
467.318 91.9000 3.0
467.819 91.6800 4.9
468.320 91.7900 4.0
468.821 92.4600 0.0
469.323 91.9000 3.4
469.824 91.6800 5.2
470.326 91.7900 4.2
470.827 92.1200 1.4
471.329 91.7900 4.3
471.830 92.3400 0.0
472.332 92.4600 0.0
472.833 92.5700 0.0
473.334 92.1200 2.2
473.836 92.2300 1.3
474.338 91.7900 5.1
474.839 92.4600 0.0
475.341 92.5700 0.0
475.842 92.2300 1.6
476.343 91.9000 4.4
476.845 92.2300 1.5
477.346 92.3400 0.6
477.848 91.9000 4.4
478.349 91.7900 5.2
478.851 92.0100 3.1
479.352 91.7900 4.9
479.854 91.9000 3.9
480.355 92.0100 2.8
480.857 92.2300 0.9
481.358 92.3400 0.0
481.859 92.0100 2.9
482.361 91.6800 5.6
482.861 91.9000 3.5
483.363 92.0100 2.5
483.864 91.9000 3.4
484.366 91.6800 5.2
484.867 91.9000 3.1
485.369 92.0100 2.1
485.870 91.6800 4.9
486.372 91.7900 3.8
486.873 91.5700 5.5
487.374 91.6800 4.5
487.876 92.1200 0.7
488.377 91.9000 2.5
488.879 91.7900 3.4
489.380 91.7900 3.4
489.882 91.5700 5.1
490.383 91.6800 4.0
490.885 91.7900 3.0
491.386 91.2400 7.5
491.888 91.3500 6.4
492.389 91.4600 5.2
492.891 91.2400 6.9
493.392 91.5700 4.0
493.894 91.4600 4.8
494.395 91.4600 4.7
494.897 91.1300 7.4
495.398 91.5700 3.5
495.900 91.2400 6.2
496.401 91.3500 5.2
496.902 91.5700 3.2
497.403 91.4600 4.1
497.905 91.1300 6.8
498.406 91.1300 6.6
498.907 91.1300 6.5
499.409 90.9200 8.1
499.910 90.9200 7.9
500.412 90.7000 9.5
500.913 91.6800 1.1
501.415 91.1300 5.8
501.916 91.2400 4.8
502.417 90.7000 9.2
502.919 90.9200 7.2
503.420 90.9200 7.0
503.922 90.7000 8.7
504.423 90.3900 11.2
504.925 90.7000 8.2
505.426 90.4900 9.8
505.927 90.6000 8.7
506.430 90.3900 10.4
506.931 90.4900 9.2
507.432 90.4900 9.1
507.934 90.7000 7.2
508.435 91.0300 4.4
508.937 90.9200 5.4
509.438 89.9700 13.4
509.939 90.3900 9.5
510.441 90.3900 9.4
510.942 90.3900 9.2
511.444 90.2800 10.0
511.944 90.3900 9.0
512.446 90.2800 9.8
512.947 90.2800 9.6
513.448 90.1800 10.4
513.950 89.9700 12.0
514.451 90.1800 10.1
514.953 89.8600 12.6
515.454 89.5500 14.9
515.956 89.9700 11.2
516.457 89.8600 11.9
516.958 90.3900 7.4
517.460 89.7600 12.7
517.961 89.9700 10.8
518.463 89.7600 12.4
518.964 89.5500 14.0
519.466 89.0400 18.1
519.967 89.7600 11.7
520.469 89.7600 11.6
520.970 89.5500 13.3
521.472 89.5500 13.1
521.973 89.4500 13.9
522.475 89.5500 12.9
522.977 89.4500 13.6
523.478 89.5500 12.7
523.980 89.4500 13.4
524.481 89.7600 10.8
524.983 89.0400 16.8
525.484 89.3500 14.0
525.986 89.3500 13.9
526.486 89.2400 14.7
526.988 89.1400 15.4
527.490 89.2400 14.4
527.991 89.3500 13.4
528.493 89.3500 13.4
528.994 89.0400 15.9
529.496 89.0400 15.8
529.997 89.1400 14.8
530.499 89.0400 15.6
531.000 89.0400 15.5
531.502 89.3500 12.8
532.003 88.9400 16.3
532.505 88.9400 16.2
533.006 88.9400 16.1
533.508 88.7400 17.6
534.009 88.7400 17.5
534.511 88.8400 16.5
535.012 88.9400 15.6
535.514 88.8400 16.4
536.015 89.0400 14.6
536.516 88.7400 17.2
537.018 88.8400 16.2
537.519 88.9400 15.4
538.021 88.9400 15.4
538.522 89.1400 13.7
539.024 89.0400 14.6
539.525 88.8400 16.3
540.027 88.8400 16.3
540.527 89.0400 14.6
541.029 89.0400 14.6
541.530 88.4400 19.7
542.032 89.3500 11.9
542.533 88.9400 15.5
543.035 89.0400 14.7
543.536 89.1400 13.9
544.037 89.0400 14.8
544.539 89.0400 14.8
545.040 87.9400 24.0
545.542 88.7400 17.0
546.043 89.1400 13.6
546.545 89.2400 12.9
547.046 89.1400 13.9
547.548 89.1400 14.0
548.049 88.9400 15.8
548.551 88.8400 16.6
549.052 89.2400 13.2
549.554 89.2400 13.3
550.055 89.6500 10.0
550.556 88.8400 17.1
551.058 89.3500 12.8
551.559 89.6500 10.3
552.061 89.5500 11.4
552.562 89.1400 15.0
553.064 89.6500 10.8
553.565 89.2400 14.4
554.067 89.2400 14.4
554.568 89.2400 14.4
555.069 89.4500 12.8
555.570 89.4500 12.8
556.072 89.7600 10.3
556.573 89.4500 13.1
557.075 89.3500 14.1
557.576 89.5500 12.4
558.077 89.5500 12.4
558.579 89.3500 14.3
559.080 89.7600 10.8
559.582 89.6500 11.8
560.083 89.4500 13.7
560.585 89.4500 13.7
561.086 89.8600 10.2
561.588 89.5500 13.0
562.089 89.4500 13.9
562.591 90.0700 8.7
563.092 89.6500 12.4
563.594 89.8600 10.7
564.095 89.9700 10.0
564.597 90.3900 6.6
565.098 90.2800 7.8
565.600 89.9700 10.7
566.102 89.5500 14.2
566.603 90.1800 8.9
567.105 90.1800 9.1
567.606 89.6500 13.6
568.108 90.3900 7.4
568.609 90.9200 3.2
569.111 89.9700 11.5
569.611 90.3900 8.0
570.112 90.8100 4.6
570.614 90.6000 6.7
571.115 90.1800 10.4
571.617 90.3900 8.6
572.118 90.6000 7.0
572.620 90.6000 7.1
573.121 90.6000 7.2
573.623 90.7000 6.5
574.124 90.6000 7.5
574.626 90.8100 5.8
575.127 90.9200 5.1
575.628 90.9200 5.3
576.130 90.9200 5.4
576.631 90.9200 5.6
577.133 91.2400 3.0
577.634 91.0300 5.0
578.136 91.0300 5.2
578.637 91.0300 5.3
579.138 91.0300 5.4
579.640 91.5700 0.9
580.141 91.1300 4.8
580.643 90.9200 6.7
581.144 90.4900 10.3
581.646 90.9200 6.6
582.147 91.0300 5.7
582.649 91.2400 3.9
583.150 90.7000 8.5
583.652 91.2400 3.9
584.152 91.4600 2.2
584.653 91.0300 6.0
585.155 91.2400 4.2
585.656 91.5700 1.6
586.157 91.2400 4.5
586.659 91.4600 2.7
587.160 91.2400 4.6
587.662 91.4600 2.8
588.164 91.3500 3.9
588.665 91.2400 4.8
589.166 91.3500 3.9
589.668 91.4600 3.0
590.169 91.0300 6.7
590.671 91.0300 6.6
591.172 91.0300 6.5
591.674 91.3500 3.7
592.175 91.5700 1.9
592.676 91.0300 6.6
593.178 91.2400 4.7
593.679 91.4600 2.8
594.181 91.1300 5.6
594.682 91.5700 1.9
595.183 91.2400 4.7
595.685 91.1300 5.6
596.186 91.4600 2.8
596.688 91.5700 1.9
597.189 91.6800 1.1
597.690 91.3500 4.0
598.192 90.9200 7.5
598.693 91.2400 4.7
599.194 91.0300 6.4
599.695 91.3500 3.6
600.196 91.2400 4.5
600.698 91.3500 3.5
601.199 91.3500 3.5
601.701 91.2400 4.5
602.202 91.0300 6.2
602.703 91.3500 3.4
603.205 91.2400 4.3
603.706 91.2400 4.2
604.208 90.9200 6.9
604.709 91.0300 5.9
605.211 91.2400 4.0
605.712 91.1300 4.8
606.214 91.3500 3.0
606.715 91.2400 3.9
607.217 91.1300 4.8
607.718 91.0300 5.6
608.219 91.4600 1.9
608.721 91.0300 5.6
609.222 90.9200 6.4
609.724 91.0300 5.4
610.225 91.0300 5.3
610.726 90.8100 7.0
611.228 90.9200 6.0
611.729 90.8100 6.8
612.231 90.8100 6.7
612.732 90.8100 6.5
613.234 90.9200 5.5
613.735 90.8100 6.4
614.236 90.7000 7.2
614.737 90.2800 10.6
615.238 90.8100 5.9
615.740 90.4900 8.5
616.241 90.7000 6.5
616.742 90.6000 7.4
617.244 90.4900 8.1
617.745 90.7000 6.2
618.246 90.1800 10.6
618.748 90.2800 9.5
619.249 90.4900 7.5
619.751 90.6000 6.6
620.253 90.2800 9.2
620.754 90.3900 8.2
621.256 90.3900 8.1
621.757 90.2800 8.9
622.259 90.2800 8.8
622.760 90.2800 8.6
623.261 89.7600 12.9
623.763 90.1800 9.1
624.264 89.8600 11.7
624.765 89.8600 11.4
625.267 90.0700 9.5
625.768 90.0700 9.4
626.270 89.9700 10.2
626.771 89.8600 11.0
627.273 89.9700 10.0
627.774 90.9200 1.9
628.275 89.6500 12.8
628.777 89.9700 9.9
629.277 89.6500 12.5
629.779 89.8600 10.5
630.280 89.6500 12.2
630.781 90.0700 8.6
631.283 89.7600 11.2
631.785 88.2400 23.7
632.286 89.4500 13.0
632.788 89.3500 13.7
0.502 89.8600 0.0
1.003 89.4500 0.5
1.503 89.3500 1.5
2.004 89.4500 0.8
2.505 89.6500 0.0
3.006 89.2400 2.7
3.507 89.3500 1.8
4.007 89.4500 0.9
4.508 85.4900 34.0
5.009 89.2400 1.3
5.510 89.2400 1.4
6.011 89.1400 2.4
6.512 88.9400 4.1
7.012 89.1400 2.4
7.513 89.1400 2.5
8.014 89.0400 3.4
8.515 88.8400 5.2
9.016 88.4400 8.4
9.516 88.9400 4.1
10.017 89.0400 3.3
10.518 89.0400 3.3
11.019 88.6400 6.8
11.520 88.8400 5.0
12.020 88.8400 5.0
12.520 88.5400 7.5
13.021 89.0400 3.2
13.522 89.0400 3.3
14.023 88.9400 4.3
14.524 88.7400 6.0
15.025 88.8400 5.2
15.526 88.7400 6.0
16.027 88.5400 7.7
16.528 88.4400 8.4
17.028 88.7400 5.8
17.529 88.6400 6.7
18.030 88.5400 7.5
18.531 88.4400 8.3
19.032 88.5400 7.4
19.532 88.1400 10.7
20.033 88.5400 7.2
20.534 88.2400 9.7
21.035 88.2400 9.6
21.536 88.1400 10.4
22.036 88.3400 8.6
22.537 88.3400 8.6
23.038 88.4400 7.8
23.539 88.2400 9.5
24.040 88.0400 11.1
24.541 88.0400 11.0
25.041 88.1400 10.1
25.542 87.9400 11.7
26.043 88.0400 10.8
26.544 88.1400 9.9
27.045 87.9400 11.6
27.545 87.9400 11.5
28.046 87.9400 11.5
28.547 87.5500 14.7
29.048 87.6500 13.8
29.549 87.8500 12.0
30.050 87.7500 12.8
30.550 87.8500 11.9
31.051 87.8500 12.0
31.552 87.4600 15.2
32.053 87.7500 12.7
32.554 87.7500 12.7
33.055 87.5500 14.3
33.555 87.7500 12.6
34.056 87.6500 13.5
34.557 87.4600 15.1
35.058 87.5500 14.2
35.559 87.5500 14.2
36.060 87.5500 14.2
36.560 87.5500 14.2
37.061 87.7500 12.6
37.562 87.5500 14.3
38.062 87.3600 15.9
38.563 87.3600 15.9
39.063 87.3600 15.8
39.564 87.4600 15.0
40.065 87.5500 14.2
40.566 87.4600 15.1
41.067 87.1700 17.5
41.567 87.5500 14.2
42.068 87.6500 13.5
42.569 87.0700 18.5
43.070 87.2600 16.8
43.571 87.0700 18.4
44.072 87.1700 17.5
44.572 87.1700 17.5
45.073 87.1700 17.5
45.574 87.2600 16.7
46.075 87.2600 16.7
46.576 87.1700 17.6
47.077 86.9800 19.2
47.577 87.1700 17.6
48.078 87.2600 16.8
48.579 87.1700 17.7
49.080 87.3600 16.1
49.581 87.4600 15.4
50.081 87.3600 16.4
50.582 87.2600 17.3
51.083 87.3600 16.6
51.584 87.2600 17.5
52.085 87.2600 17.5
52.586 87.5500 15.2
53.086 87.2600 17.8
53.587 87.2600 17.8
54.088 87.2600 17.9
54.589 87.3600 17.2
55.090 87.2600 18.1
55.590 87.7500 14.1
56.091 87.4600 16.8
56.592 87.3600 17.7
57.093 87.0700 20.2
57.594 87.3600 17.8
58.094 87.1700 19.4
58.595 87.3600 17.9
59.096 87.6500 15.5
59.597 87.4600 17.4
60.098 87.4600 17.5
60.599 87.3600 18.4
61.100 87.4600 17.7
61.600 87.5500 17.0
62.101 87.5500 17.1
62.602 87.3600 18.9
63.103 87.6500 16.5
63.604 87.7500 15.8
64.104 87.5500 17.7
64.604 87.3600 19.4
65.105 87.9400 14.6
65.606 87.6500 17.2
66.107 87.7500 16.6
66.607 87.8500 15.9
67.108 87.6500 17.7
67.609 87.6500 17.8
68.110 88.0400 14.6
68.611 87.9400 15.7
69.111 88.1400 14.2
69.612 88.1400 14.5
70.113 88.1400 14.7
70.614 88.0400 15.7
71.115 88.3400 13.4
71.615 88.0400 16.1
72.116 87.9400 17.1
72.617 88.2400 14.7
73.118 88.3400 14.1
73.619 88.1400 15.9
74.120 88.4400 13.6
74.620 88.6400 12.1
75.121 88.5400 13.2
75.622 88.6400 12.6
76.123 88.6400 12.8
76.624 88.6400 13.1
77.125 88.6400 13.2
77.625 88.9400 10.9
78.126 88.9400 11.2
78.627 89.1400 9.8
79.128 88.8400 12.6
79.629 89.0400 11.1
80.129 89.2400 9.6
80.630 89.0400 11.6
81.131 89.2400 10.1
81.632 89.5500 7.7
82.133 89.3500 9.8
82.634 89.2400 10.8
83.134 89.3500 10.2
83.635 89.4500 9.5
84.136 89.4500 9.7
84.637 89.5500 9.0
85.138 89.6500 8.4
85.638 89.6500 8.6
86.139 89.6500 8.8
86.640 89.9700 6.4
87.141 89.6500 9.3
87.641 89.7600 8.5
88.142 89.9700 7.0
88.643 90.0700 6.3
89.144 89.7600 9.2
89.645 90.2800 4.9
90.145 90.2800 5.2
90.645 90.3900 4.5
91.146 90.2800 5.7
91.647 90.2800 5.9
92.148 90.2800 6.1
92.649 90.4900 4.5
93.149 90.2800 6.4
93.650 90.3900 5.7
94.151 90.6000 4.0
94.652 90.9200 1.6
95.152 90.6000 4.5
95.653 90.6000 4.7
96.154 90.7000 3.9
96.655 90.6000 5.0
97.156 90.7000 4.2
97.657 90.9200 2.5
98.157 90.6000 5.4
98.658 90.9200 2.8
99.159 90.6000 5.6
99.660 90.9200 3.0
100.161 91.0300 2.2
100.662 91.1300 1.5
101.162 91.9000 0.0
101.663 91.1300 2.2
102.164 90.4900 7.6
102.665 90.9200 3.9
103.166 91.3500 0.4
103.667 91.0300 3.2
104.168 91.4600 0.0
104.668 91.1300 2.6
105.169 91.2400 1.8
105.670 91.2400 1.9
106.171 91.0300 3.7
106.672 91.3500 1.0
107.173 91.3500 1.1
107.673 92.0100 0.0
108.174 91.3500 1.6
108.675 91.2400 2.5
109.176 91.0300 4.3
109.677 91.3500 1.5
110.178 91.6800 0.0
110.679 91.5700 0.0
111.179 91.2400 2.8
111.680 91.3500 1.8
112.181 91.2400 2.7
112.682 91.5700 0.0
113.183 91.5700 0.1
113.684 92.0100 0.0
114.184 91.1300 4.0
114.685 91.3500 2.1
115.186 91.4600 1.1
115.687 91.3500 2.0
116.187 91.4600 1.1
116.688 91.4600 1.1
117.189 91.5700 0.1
117.689 91.3500 2.0
118.190 91.4600 1.0
118.691 91.3500 1.9
119.192 91.3500 1.8
119.693 91.5700 0.0
120.194 91.2400 2.7
120.694 90.8100 6.2
121.195 90.9200 5.1
121.696 90.8100 5.8
122.197 91.0300 3.8
122.698 91.4600 0.1
123.198 91.3500 1.0
123.699 91.0300 3.7
124.200 91.1300 2.7
124.701 91.1300 2.6
125.202 91.0300 3.5
125.703 91.1300 2.5
126.204 90.6000 6.9
126.704 90.9200 3.9
127.205 91.0300 2.9
127.706 90.6000 6.4
128.207 91.4600 0.0
128.708 90.9200 3.7
129.209 90.9200 3.6
129.710 90.9200 3.5
130.211 90.8100 4.3
130.711 90.6000 6.0
131.212 90.6000 5.8
131.713 90.7000 4.8
132.214 90.4900 6.4
132.715 90.4900 6.3
133.216 90.6000 5.2
133.716 90.4900 6.0
134.217 90.4900 5.8
134.718 90.2800 7.5
135.219 90.4900 5.5
135.720 90.4900 5.4
136.221 90.4900 5.3
136.722 90.4900 5.3
137.223 90.1800 7.8
137.724 90.1800 7.7
138.224 90.0700 8.4
138.725 89.9700 9.0
139.226 89.3500 14.0
139.727 89.9700 8.4
140.228 89.9700 8.3
140.729 89.5500 11.6
141.229 90.0700 7.0
141.729 90.0700 7.0
142.230 89.8600 8.7
142.731 89.8600 8.6
143.232 89.7600 9.3
143.733 89.6500 10.1
144.234 89.3500 12.5
144.734 89.7600 8.8
145.235 89.5500 10.4
145.736 89.3500 12.0
146.237 89.3500 11.8
146.738 89.6500 9.1
147.239 89.3500 11.6
147.739 89.6500 8.9
148.240 89.4500 10.6
148.741 89.5500 9.6
149.242 89.0400 13.8
149.743 89.2400 11.9
150.244 88.9400 14.3
150.745 88.8400 15.0
151.245 88.9400 13.9
151.746 89.1400 12.0
152.247 89.1400 12.0
152.748 89.1400 11.9
153.249 89.0400 12.7
153.750 88.9400 13.4
154.251 88.9400 13.3
154.751 88.9400 13.2
155.252 88.6400 15.7
155.753 88.7400 14.7
156.254 88.4400 17.1
156.755 88.8400 13.5
157.256 88.4400 16.8
157.757 88.6400 14.9
158.258 88.3400 17.4
158.759 88.5400 15.5
159.260 88.7400 13.8
159.760 88.9400 12.1
160.261 88.4400 16.3
160.762 88.6400 14.6
161.263 88.4400 16.2
161.764 88.4400 16.1
162.265 88.4400 16.1
162.765 88.5400 15.2
163.266 88.4400 16.0
163.767 89.1400 10.1
164.268 88.4400 16.1
164.769 88.4400 16.1
165.270 88.3400 16.9
165.770 88.2400 17.6
166.270 88.3400 16.7
166.771 88.3400 16.7
167.272 88.2400 17.5
167.773 89.2400 9.0
168.274 88.2400 17.7
168.775 88.2400 17.6
169.275 88.2400 17.6
169.776 88.0400 19.2
170.277 88.3400 16.6
170.778 88.1400 18.2
171.279 88.5400 14.9
171.780 88.1400 18.3
172.281 88.2400 17.4
172.781 88.2400 17.4
173.282 88.1400 18.2
173.783 88.2400 17.4
174.284 88.3400 16.6
174.785 88.0400 19.1
175.285 88.1400 18.2
175.786 87.8500 20.7
176.287 88.2400 17.3
176.788 88.3400 16.5
177.289 87.7500 21.5
177.790 88.4400 15.6
178.291 88.0400 19.1
178.791 88.1400 18.2
179.292 88.3400 16.6
179.793 88.2400 17.5
180.294 87.9400 20.1
180.795 88.3400 16.7
181.295 88.2400 17.7
181.796 113.3600 0.0
182.297 88.5400 25.8
182.798 89.0400 20.7
183.299 88.2400 26.9
183.799 88.8400 21.1
184.300 88.4400 24.0
184.801 88.4400 23.4
185.302 88.4400 22.9
185.803 88.7400 20.0
186.304 88.6400 20.5
186.805 88.6400 20.2
187.306 88.6400 20.0
187.806 88.5400 20.6
188.307 89.0400 16.1
188.808 88.8400 17.8
189.309 88.7400 18.5
189.810 88.7400 18.4
190.310 89.1400 14.9
190.811 88.8400 17.5
191.312 88.6400 19.1
191.812 89.0400 15.7
192.313 88.9400 16.5
192.814 88.9400 16.6
193.314 89.0400 15.7
193.815 89.1400 14.9
194.316 89.1400 15.0
194.817 88.9400 16.8
195.318 89.3500 13.3
195.819 89.1400 15.2
196.319 89.3500 13.6
196.820 89.3500 13.7
197.321 89.4500 12.9
197.822 89.4500 13.1
198.323 89.3500 14.1
198.824 89.6500 11.6
199.325 89.5500 12.6
199.825 89.7600 11.1
200.326 89.4500 13.8
200.827 89.9700 9.6
201.328 89.9700 9.8
201.828 90.1800 8.3
202.329 89.8600 11.2
202.830 90.2800 7.8
203.331 90.2800 8.1
203.832 90.2800 8.3
204.333 90.2800 8.6
204.834 90.4900 7.0
205.334 90.4900 7.2
205.835 90.2800 9.2
206.336 90.7000 5.8
206.837 90.7000 6.1
207.338 90.6000 7.2
207.839 90.8100 5.6
208.339 91.0300 4.0
208.840 90.8100 6.1
209.341 91.1300 3.6
209.842 91.0300 4.7
210.343 91.3500 2.2
210.844 91.2400 3.4
211.345 91.1300 4.5
211.845 91.9000 0.0
212.346 91.3500 3.4
212.847 91.5700 1.8
213.348 91.4600 2.9
213.849 91.4600 3.0
214.350 91.5700 2.3
214.851 91.5700 2.4
215.352 92.2300 0.0
215.852 92.0100 0.0
216.353 92.0100 0.0
216.854 92.0100 0.0
217.354 91.9000 1.1
217.855 91.9000 1.2
218.356 92.0100 0.4
218.856 91.9000 1.5
219.357 91.9000 1.5
219.858 92.3400 0.0
220.359 92.4600 0.0
220.860 92.1200 0.3
221.361 92.3400 0.0
221.862 92.4600 0.0
222.362 92.2300 0.0
222.863 92.5700 0.0
223.364 92.4600 0.0
223.865 92.3400 0.0
224.366 92.7900 0.0
224.867 92.7900 0.0
225.367 92.1200 2.1
225.868 92.6800 0.0
226.369 92.5700 0.0
226.870 92.5700 0.0
227.371 92.5700 0.0
227.871 92.6800 0.0
228.372 92.7900 0.0
228.873 92.4600 0.0
229.374 92.6800 0.0
229.875 92.6800 0.0
230.376 92.5700 0.0
230.876 92.3400 1.1
231.377 92.5700 0.0
231.878 92.6800 0.0
232.379 92.5700 0.0
232.880 92.4600 0.2
233.381 92.3400 1.1
233.882 92.2300 1.9
234.382 92.5700 0.0
234.883 92.5700 0.0
235.384 92.5700 0.0
235.885 92.7900 0.0
236.386 92.3400 1.0
236.887 92.1200 2.8
237.387 92.3400 0.7
237.888 92.5700 0.0
238.389 91.1300 10.7
238.890 92.2300 1.0
239.391 92.1200 1.8
239.892 92.2300 0.8
240.393 92.2300 0.7
240.893 92.3400 0.0
241.394 92.0100 2.5
241.895 91.7900 4.1
242.395 92.2300 0.2
242.896 92.0100 2.0
243.397 92.2300 0.0
243.897 91.9000 2.8
244.398 92.1200 0.8
244.899 91.6800 4.4
245.400 91.9000 2.3
245.900 91.9000 2.1
246.401 91.6800 3.9
246.902 91.7900 2.7
247.403 91.6800 3.5
247.904 91.5700 4.2
248.405 91.4600 4.9
248.905 91.3500 5.6
249.406 91.4600 4.5
249.907 91.3500 5.2
250.408 91.4600 4.1
250.909 91.4600 3.9
251.410 91.3500 4.7
251.910 91.5700 2.7
252.411 91.2400 5.3
252.912 91.0300 6.9
253.413 91.3500 4.0
253.914 91.9000 0.0
254.414 91.1300 5.8
254.915 93.3700 0.0
255.416 90.7000 9.9
255.917 91.0300 6.8
256.418 91.1300 5.7
256.918 90.7000 9.1
257.419 90.8100 7.9
257.920 91.0300 5.8
258.421 90.8100 7.4
258.922 90.9200 6.3
259.423 90.6000 8.8
259.923 90.8100 6.8
260.424 90.4900 9.3
260.925 90.4900 9.0
261.426 90.3900 9.6
261.927 90.1800 11.1
262.427 89.8600 13.4
262.928 90.4900 7.8
263.429 90.3900 8.6
263.930 90.1800 10.2
264.431 90.2800 9.1
264.932 90.1800 9.8
265.432 90.0700 10.5
265.933 89.8600 12.0
266.434 90.2800 8.3
266.935 90.2800 8.2
267.436 89.8600 11.6
267.937 89.8600 11.4
268.437 89.9700 10.4
268.937 89.7600 12.0
269.438 89.7600 11.8
269.939 89.6500 12.5
270.440 89.7600 11.4
270.941 90.6000 4.2
271.442 89.5500 13.2
271.942 89.3500 14.7
272.443 89.6500 11.8
272.944 89.3500 14.3
273.445 89.2400 14.9
273.946 89.3500 13.8
274.446 89.0400 16.2
274.947 89.2400 14.2
275.448 89.0400 15.8
275.949 88.8400 17.2
276.450 89.0400 15.3
276.951 89.3500 12.6
277.451 88.9400 15.9
277.952 88.7400 17.4
278.453 88.7400 17.2
278.954 88.6400 17.9
279.454 88.6400 17.6
279.955 88.9400 14.9
280.456 88.5400 18.2
280.957 88.8400 15.5
281.458 89.0400 13.8
281.959 88.7400 16.3
282.459 88.7400 16.3
282.960 89.1400 12.8
283.461 88.4400 18.8
283.962 88.2400 20.2
284.463 89.0400 13.3
284.963 88.4400 18.5
285.464 88.4400 18.3
285.965 88.6400 16.6
286.466 88.4400 18.2
286.967 88.5400 17.3
287.467 88.4400 18.1
287.968 88.3400 18.8
288.469 88.2400 19.6
288.970 88.4400 17.8
289.471 88.2400 19.4
289.971 88.6400 16.0
290.472 88.5400 16.9
290.973 88.3400 18.6
291.474 88.4400 17.7
291.975 88.5400 16.9
292.476 88.5400 16.9
292.976 88.3400 18.6
293.477 88.1400 20.3
293.978 88.5400 16.9
294.479 88.1400 20.2
294.979 88.6400 16.0
295.479 88.4400 17.8
295.980 88.5400 17.0
296.481 88.5400 17.1
296.982 88.4400 18.0
297.483 88.3400 18.8
297.983 88.5400 17.2
298.484 88.4400 18.1
298.985 88.6400 16.4
299.486 88.6400 16.5
299.987 89.4500 9.9
300.488 88.3400 19.5
300.988 88.9400 14.5
301.489 88.8400 15.5
301.990 88.6400 17.3
302.491 88.8400 15.7
302.991 88.8400 15.8
303.492 89.2400 12.5
303.993 88.9400 15.3
304.494 88.9400 15.4
304.995 88.8400 16.3
305.496 89.0400 14.7
305.996 88.8400 16.5
306.497 89.3500 12.3
306.998 89.0400 15.1
307.499 89.0400 15.2
308.000 89.3500 12.8
308.500 89.3500 13.0
309.001 89.1400 14.8
309.502 89.5500 11.5
310.003 89.0400 16.0
310.504 89.2400 14.3
311.005 89.3500 13.6
311.505 89.2400 14.6
312.006 89.2400 14.6
312.507 89.4500 13.0
313.008 89.5500 12.3
313.509 89.8600 9.9
314.009 89.6500 11.8
314.510 89.5500 12.9
315.011 89.5500 13.0
315.512 89.6500 12.2
316.013 89.7600 11.5
316.514 89.9700 9.9
317.014 89.6500 12.7
317.515 89.6500 12.8
318.016 90.0700 9.4
318.517 89.8600 11.4
319.018 89.7600 12.3
319.519 89.7600 12.4
320.020 90.2800 8.1
320.520 89.5500 14.4
321.020 89.8600 11.8
321.521 90.2800 8.4
322.022 90.1800 9.5
322.522 90.2800 8.8
323.023 90.0700 10.7
323.524 90.2800 9.0
324.025 89.9700 11.8
324.526 90.4900 7.5
325.027 90.2800 9.4
325.528 90.3900 8.7
326.028 90.3900 8.8
326.529 89.8600 13.3
327.030 90.6000 7.1
327.531 90.4900 8.1
328.032 90.6000 7.4
328.533 90.6000 7.5
329.033 90.2800 10.3
329.534 90.8100 5.9
330.035 90.7000 7.0
330.536 90.6000 8.0
331.037 91.0300 4.5
331.538 90.8100 6.6
332.038 90.7000 7.6
332.539 90.9200 5.9
333.040 91.0300 5.1
333.541 90.7000 8.0
334.042 90.6000 8.9
334.542 91.1300 4.4
335.043 90.8100 7.2
335.544 90.9200 6.4
336.045 91.1300 4.7
336.546 91.0300 5.7
337.047 91.1300 4.9
337.547 91.0300 5.9
338.048 91.0300 5.9
338.549 91.2400 4.2
339.050 91.1300 5.2
339.551 91.2400 4.4
340.052 91.2400 4.5
340.552 91.3500 3.6
341.053 91.1300 5.5
341.554 91.3500 3.8
342.055 91.4600 2.9
342.556 91.5700 2.1
343.056 91.5700 2.3
343.557 91.6800 1.5
344.058 91.4600 3.4
344.559 91.6800 1.6
345.060 91.6800 1.8
345.561 91.9000 0.0
346.061 91.7900 1.1
346.562 91.6800 2.1
347.062 91.7900 1.2
347.563 91.5700 3.2
348.064 91.7900 1.3
348.564 91.5700 3.2
349.065 91.6800 2.2
349.566 91.7900 1.3
350.067 91.9000 0.5
350.568 91.6800 2.4
351.069 91.4600 4.2
351.569 92.3400 0.0
352.070 91.7900 1.6
352.571 92.1200 0.0
353.072 91.9000 0.9
353.573 91.6800 2.7
354.074 91.6800 2.7
354.574 92.0100 0.0
355.075 91.9000 0.9
355.576 91.5700 3.6
356.077 91.7900 1.7
356.578 92.2300 0.0
357.078 91.9000 0.9
357.579 91.6800 2.7
358.080 91.6800 2.6
358.581 89.4500 21.1
359.082 92.0100 0.0
359.583 92.4600 0.0
360.083 91.4600 4.0
360.584 91.5700 3.0
361.085 91.6800 2.0
361.586 91.4600 3.8
362.087 91.7900 0.9
362.588 91.5700 2.7
363.088 91.4600 3.6
363.589 91.6800 1.6
364.090 91.7900 0.7
364.591 92.0100 0.0
365.092 91.1300 6.3
365.592 91.4600 3.3
366.093 91.5700 2.3
366.594 91.5700 2.2
367.095 91.3500 4.0
367.596 91.3500 3.9
368.097 91.4600 2.8
368.597 91.2400 4.6
369.098 91.3500 3.5
369.599 91.2400 4.3
370.100 91.2400 4.2
370.601 91.6800 0.4
371.101 91.2400 4.1
371.602 91.1300 4.8
372.103 91.5700 1.1
372.604 91.1300 4.7
373.104 91.0300 5.5
373.605 91.1300 4.4
374.105 91.3500 2.5
374.606 90.6000 8.7
375.107 91.0300 4.8
375.608 90.9200 5.6
376.109 91.0300 4.5
376.610 90.7000 7.1
377.111 90.9200 5.1
377.611 90.8100 5.9
378.112 90.6000 7.5
378.613 90.9200 4.7
379.114 90.8100 5.5
379.615 90.8100 5.4
380.115 90.8100 5.3
380.616 90.8100 5.2
381.117 90.6000 6.9
381.618 90.3900 8.5
382.119 90.3900 8.3
382.619 90.0700 10.7
383.120 90.4900 6.9
0.501 90.1800 0.0
1.002 89.8600 0.0
1.503 89.9700 0.0
2.004 89.8600 0.0
2.505 89.8600 0.0
3.006 89.9700 0.0
3.506 89.7600 0.0
0.502 89.5500 2.0
1.003 89.5500 1.9
1.504 89.8600 0.0
2.005 89.7600 0.3
2.506 89.4500 2.9
