# time_s  celsius  duty_pct
1.002 35.4900 2.5
1.503 35.5200 2.4
2.004 35.5400 2.2
2.505 35.5200 3.0
3.005 35.5400 2.9
3.506 35.4400 4.8
4.007 35.4400 5.1
4.508 35.4200 5.7
5.009 35.3500 7.2
5.509 35.3900 6.5
6.010 35.3700 7.2
6.511 35.3200 8.3
7.012 35.2700 9.3
7.513 35.3500 8.2
8.014 35.2500 10.2
8.514 35.2700 9.9
9.015 35.2700 10.2
9.516 35.2000 11.7
10.017 35.2000 11.9
10.518 35.2200 11.7
11.018 35.2200 12.0
11.519 35.1700 13.1
12.020 35.2200 12.5
12.521 35.1500 14.1
13.022 35.1000 15.2
13.523 35.1200 15.0
14.023 35.1000 15.7
14.524 35.0700 16.4
15.025 35.0700 16.6
15.526 35.0500 17.4
16.027 35.0200 18.1
16.527 35.0500 17.9
17.028 35.0500 18.3
17.529 35.0200 19.0
18.030 35.0000 19.8
18.531 35.0700 18.9
19.031 34.9300 21.8
19.532 34.9800 21.2
20.033 34.9300 22.4
20.534 34.9000 23.1
21.035 34.9300 23.1
21.535 34.9800 22.6
22.036 35.0500 21.8
22.537 34.9500 24.0
23.038 34.8500 26.1
23.538 34.8300 26.8
24.039 34.8800 26.3
24.540 34.9000 26.3
25.041 34.8800 27.1
25.542 34.9000 27.2
26.042 34.8800 28.1
26.543 34.8500 28.9
27.044 34.8300 29.8
27.545 34.9000 29.0
28.045 34.8800 29.9
28.545 34.9000 30.0
29.046 34.9300 30.2
29.547 34.8300 32.4
30.048 34.9300 31.2
30.549 34.9500 31.4
31.049 34.9800 31.6
31.550 34.9800 32.3
32.051 35.0200 32.1
32.552 34.9500 34.0
33.053 35.0000 33.8
33.554 34.9800 34.9
34.054 35.0200 34.7
34.555 35.0000 35.8
35.056 35.0000 36.5
35.557 35.2200 33.5
36.058 35.1200 36.0
36.558 35.1200 36.8
37.059 35.2500 35.5
37.560 35.1200 38.4
38.061 35.2000 37.9
38.562 35.3200 36.6
39.062 35.3000 38.0
39.563 35.3200 38.4
40.064 35.3200 39.3
40.565 35.4200 38.5
41.066 35.4200 39.5
41.566 35.5700 37.9
42.067 35.4700 40.6
42.568 35.5400 40.3
43.069 35.6200 40.0
43.570 35.5700 41.9
44.070 35.6700 41.1
44.571 35.5900 43.4
45.072 35.8200 40.6
45.573 35.8200 41.7
46.074 35.8200 42.8
46.575 35.9200 42.2
47.075 35.9900 42.1
47.576 36.0200 42.8
48.077 36.0400 43.5
48.578 36.1700 42.6
49.079 36.0700 45.5
49.579 36.2900 42.8
50.080 36.2900 44.1
50.581 36.3700 44.0
51.082 36.4200 44.5
51.583 36.5700 43.2
52.084 36.5400 45.0
52.584 36.6400 44.6
53.085 36.6700 45.5
53.586 36.6900 46.4
54.087 36.8500 45.1
54.587 36.9000 45.6
55.087 37.0800 44.0
55.588 37.0800 45.5
56.089 37.2300 44.4
56.590 37.2800 45.1
57.090 37.3800 44.9
57.591 37.4300 45.6
58.092 37.5300 45.4
58.593 37.6400 45.2
59.094 37.7100 45.5
59.595 37.7900 45.8
60.096 37.8700 46.1
60.597 37.8900 47.2
61.097 38.0700 45.8
61.598 38.1300 46.5
62.099 38.1300 48.2
62.600 38.3900 45.4
63.101 38.4600 45.8
63.601 38.5400 46.2
64.102 38.6500 46.2
64.603 38.7200 46.6
65.104 38.8800 45.7
65.605 39.0100 45.3
66.106 39.0900 45.8
66.606 39.2000 45.9
67.107 39.3600 45.0
67.608 39.4100 46.0
68.109 39.5100 46.1
68.610 39.6200 46.2
69.110 39.7000 46.7
69.611 39.8600 45.8
70.112 40.0800 44.1
70.613 40.0200 47.1
71.113 40.2600 44.9
71.614 40.3400 45.5
72.115 40.4200 46.1
72.616 40.6100 44.9
73.117 40.7000 45.5
73.617 40.8000 45.7
74.118 40.6100 50.8
74.619 41.0800 44.7
75.120 41.1900 45.0
75.621 41.3200 44.7
76.121 41.4600 44.5
76.622 41.5700 44.7
77.123 41.6000 46.4
77.624 41.8500 44.2
78.125 42.4600 36.0
78.625 42.0700 45.3
79.126 42.1800 45.4
79.627 42.2900 45.6
80.128 42.4000 45.7
80.628 42.5700 44.9
81.129 42.7100 44.7
81.629 42.8600 44.4
82.130 42.9100 45.6
82.631 43.1100 44.3
83.132 43.2000 45.0
83.632 43.4000 43.7
84.133 43.4500 44.9
84.634 43.6800 43.2
85.135 43.8300 43.0
85.635 43.8900 44.2
86.136 44.1500 42.0
86.637 44.1200 44.8
87.138 44.3200 43.4
87.639 44.6200 40.7
88.139 44.3800 47.0
88.640 44.7600 42.6
89.141 44.9400 41.9
89.642 45.0900 41.6
90.143 45.1200 43.5
90.644 45.3600 41.6
91.144 45.5100 41.4
91.645 45.6000 42.2
92.146 45.7800 41.4
92.647 45.9900 40.2
93.148 46.0500 41.5
93.648 46.2600 40.2
94.149 46.3200 41.5
94.650 46.5700 39.7
95.151 46.7200 39.5
95.652 46.8400 39.8
96.153 46.9400 40.6
96.653 47.0900 40.3
97.154 47.2500 40.0
97.655 47.3400 40.7
98.156 47.6200 38.2
98.656 47.7500 38.5
99.157 47.8400 39.3
99.658 48.1300 36.9
100.159 48.1300 39.3
100.660 48.2500 39.5
101.160 48.5700 36.4
101.661 48.5700 38.9
102.162 48.7400 38.5
102.663 48.9000 38.0
103.164 48.9900 38.7
103.665 49.2200 37.2
104.165 49.3200 37.9
104.666 49.5200 36.9
105.167 49.6800 36.5
105.668 49.7800 37.2
106.169 49.9100 37.3
106.669 50.0800 36.8
107.170 50.1800 37.5
107.670 50.3500 37.0
108.171 50.5500 35.9
108.672 50.6800 36.0
109.172 50.8200 36.0
109.673 50.9500 36.0
110.174 51.0200 37.2
110.675 51.1900 36.6
111.176 51.4700 34.2
111.676 51.5700 34.9
112.177 51.6700 35.5
112.678 51.7800 36.0
113.179 50.2100 64.4
113.680 52.0900 33.2
114.181 52.3000 32.2
114.681 52.4800 31.8
115.182 52.5100 33.7
115.683 52.7300 32.5
116.184 52.8700 32.6
116.685 53.0100 32.6
117.185 53.1500 32.6
117.686 53.3000 32.6
118.187 53.4100 33.1
118.688 53.4800 34.2
119.189 53.7700 31.6
119.690 53.8800 32.1
120.190 54.0600 31.4
120.691 54.2100 31.3
121.192 54.3600 31.2
121.693 54.4700 31.7
122.194 54.6500 30.6
122.694 54.8000 30.1
123.195 55.0300 28.3
123.696 55.0700 29.7
124.197 55.3300 27.2
124.697 55.4100 28.0
125.198 55.4800 28.7
125.699 55.6800 27.4
126.200 55.8300 26.7
126.701 55.9800 26.1
127.201 56.1800 24.7
127.702 56.2200 26.0
128.203 56.3700 25.3
128.704 56.5300 24.5
129.205 56.7600 22.4
129.706 56.4500 29.6
130.206 56.9200 23.1
130.707 57.1200 21.6
131.208 57.2800 20.8
131.709 57.0000 27.3
132.210 57.4800 20.7
132.711 57.6000 20.4
133.211 57.8800 17.5
133.712 57.8800 19.4
134.212 58.0100 19.1
134.713 58.1300 18.7
135.214 58.3300 17.0
135.715 58.4200 17.4
136.216 58.5800 16.3
136.717 58.7100 15.9
137.217 58.7100 17.6
137.718 59.0400 13.6
138.219 58.8700 18.1
138.720 59.1700 14.6
139.221 59.3800 12.7
139.721 59.4600 13.0
140.222 59.4200 15.3
140.723 59.6300 13.1
141.224 59.8000 11.8
141.725 59.8000 13.3
142.226 59.9700 11.9
142.726 59.8900 14.8
143.227 60.1900 10.9
143.728 60.4900 7.3
144.229 60.4100 10.4
144.730 60.4500 11.1
145.230 60.5800 10.2
145.731 60.7100 9.3
146.232 60.6200 12.1
146.733 60.7500 11.0
147.234 61.1100 6.2
147.735 60.9800 9.8
148.235 61.0600 9.5
148.736 61.1500 9.1
149.237 61.2000 9.5
149.738 61.2900 9.0
150.239 61.4200 7.8
150.740 61.4600 8.1
151.241 61.4600 9.2
151.741 61.5100 9.3
152.242 61.6000 8.7
152.743 61.5100 11.1
153.244 61.6900 8.8
153.744 61.7800 8.1
154.245 61.7800 8.9
154.746 61.9200 7.4
155.247 61.9600 7.4
155.748 61.9600 8.2
156.249 62.0500 7.4
156.750 62.1000 7.4
157.250 62.1900 6.5
157.751 62.2400 6.5
158.252 62.2400 7.2
158.753 62.2400 7.8
159.254 62.4200 5.3
159.754 62.4200 6.0
160.254 62.5100 5.1
160.755 63.0200 0.0
161.256 62.4700 7.9
161.757 62.5100 7.5
162.258 62.6100 6.4
162.759 62.7400 4.6
163.259 62.7400 5.2
163.760 62.6500 7.2
164.261 62.7000 6.8
164.762 62.1000 17.2
165.263 62.8400 4.5
165.763 62.9300 3.4
166.264 62.8800 4.7
166.765 63.0700 2.0
167.266 63.0700 2.6
167.767 63.1200 2.4
168.267 63.1200 2.9
168.768 63.3100 0.2
169.269 63.3100 0.8
169.770 63.2100 3.0
170.271 63.4500 0.0
170.772 63.4000 0.9
171.272 63.4500 0.6
171.773 63.6400 0.0
172.274 63.5400 0.3
172.775 63.5900 0.0
173.276 63.6900 0.0
173.776 63.6900 0.0
174.277 63.8800 0.0
174.778 63.8300 0.0
175.279 63.8800 0.0
175.780 64.0700 0.0
176.281 64.2600 0.0
176.782 64.1200 0.0
177.282 64.5500 0.0
177.783 64.0200 0.3
178.284 64.2100 0.0
178.785 64.1200 0.0
179.286 64.2100 0.0
179.786 64.2600 0.0
180.287 64.1200 0.9
180.788 64.4100 0.0
181.289 64.3100 0.0
181.790 64.2600 0.0
182.291 64.3600 0.0
182.792 64.4100 0.0
183.293 64.3600 0.0
183.793 64.3100 0.3
184.294 64.3600 0.0
184.795 64.2600 1.5
185.295 64.4100 0.0
185.795 64.3100 1.0
186.296 64.2600 1.8
186.797 64.4600 0.0
187.298 64.4100 0.0
187.799 64.4100 0.0
188.299 64.3600 0.8
188.800 64.3100 1.6
189.301 64.5000 0.0
189.802 64.4100 0.2
190.303 64.5000 0.0
190.804 64.5000 0.0
191.304 64.4600 0.0
191.805 64.5000 0.0
192.306 64.5000 0.0
192.807 64.5000 0.0
193.308 64.4600 0.4
193.809 64.4600 0.4
194.309 64.3600 1.9
194.810 64.4600 0.1
195.311 64.1700 4.9
195.812 64.4600 0.0
196.313 64.5000 0.0
196.813 64.5000 0.0
197.314 64.4100 0.8
197.815 64.4100 0.7
198.316 64.3600 1.3
198.817 64.5000 0.0
199.318 64.2600 2.9
199.818 64.4100 0.1
200.319 64.3600 0.8
200.820 64.4100 0.0
201.321 64.5000 0.0
201.822 64.2100 3.2
202.322 64.2100 2.9
202.823 64.2100 2.5
203.324 64.2100 2.2
203.825 64.2600 1.1
204.326 64.3600 0.0
204.826 64.5000 0.0
205.327 64.2100 2.0
205.828 64.1700 2.5
206.329 64.3100 0.0
206.830 64.1700 2.1
207.330 64.2100 1.0
207.831 64.3100 0.0
208.332 64.2100 0.8
208.833 64.0200 3.8
209.334 63.8800 5.8
209.834 63.9700 3.6
210.335 64.0700 1.6
210.836 63.7300 6.9
211.337 63.8800 3.9
211.837 63.8300 4.3
212.338 63.9700 1.4
212.838 63.8300 3.6
213.339 63.8800 2.4
213.840 63.8300 2.9
214.341 64.3600 0.0
214.842 63.8300 3.0
215.342 63.6900 5.0
215.843 63.6400 5.3
216.344 63.8300 1.6
216.845 63.6400 4.5
217.345 63.6900 3.2
217.846 63.5900 4.5
218.347 63.4900 5.6
218.848 63.5400 4.3
219.349 63.5900 3.0
219.850 63.4000 5.9
220.350 63.4900 3.7
220.851 63.4500 4.2
221.352 63.4500 3.7
221.853 63.3100 5.7
222.354 63.3500 4.4
222.854 63.3500 4.0
223.355 63.2100 6.0
223.857 63.1600 6.2
224.358 63.0200 8.1
0.501 62.9800 0.9
1.002 62.8800 2.0
1.503 62.8400 2.3
2.004 62.8400 1.7
2.505 62.7400 2.7
3.005 62.7000 2.8
3.506 62.6500 2.9
4.007 62.5600 3.8
4.508 62.6500 1.5
5.009 62.4700 3.9
5.509 62.3700 4.7
6.010 62.3700 3.8
6.511 62.3300 3.7
7.012 62.2400 4.4
7.513 62.1900 4.3
8.014 62.1000 4.9
8.514 62.1000 4.0
9.015 61.9200 6.1
9.516 62.0100 3.5
10.017 61.9600 3.4
10.518 61.8700 4.0
11.018 61.6900 6.1
11.519 61.6900 5.0
12.020 61.5500 6.2
12.520 61.6900 2.8
13.021 61.6000 3.4
13.522 61.2400 8.4
14.022 61.2900 6.4
14.523 61.2000 6.7
15.024 61.2900 4.1
15.525 61.2000 4.9
16.026 61.1500 4.9
16.526 61.1100 4.9
17.027 60.9800 6.5
17.528 61.0200 4.9
18.029 60.9800 5.0
18.530 60.8900 5.8
19.031 60.9300 4.4
19.531 60.7100 7.5
20.032 60.7500 6.0
20.533 60.5400 9.0
21.034 60.6200 6.7
21.534 60.6700 5.3
22.036 60.4900 7.7
22.536 60.5400 6.2
23.037 60.4900 6.4
23.538 59.5000 22.3
24.039 60.3600 6.4
24.539 60.4100 5.1
25.040 60.3200 6.2
25.541 60.4100 4.2
26.042 60.2700 6.1
26.543 60.2300 6.4
27.044 60.2300 5.9
27.544 60.1500 7.0
28.045 60.1000 7.2
28.546 60.0600 7.5
29.047 60.0600 7.0
29.548 60.0200 7.3
30.049 60.0600 6.1
30.549 60.0200 6.5
31.050 60.1000 4.7
31.551 59.9700 6.6
32.052 59.8400 8.4
32.553 59.7600 9.4
33.053 59.8000 8.2
33.554 59.7600 8.5
34.055 59.7200 8.8
34.556 59.5000 11.9
35.057 59.5500 10.5
35.557 59.5000 10.7
36.058 59.5500 9.5
36.559 59.4200 11.2
37.060 59.4200 10.7
37.561 59.2900 12.4
38.062 59.1700 13.9
38.562 59.1700 13.3
39.062 59.1200 13.4
39.563 59.0000 14.9
40.064 58.9600 15.0
40.565 58.8700 15.7
41.065 58.9600 13.7
41.566 58.8300 15.3
42.067 58.8700 14.0
42.568 58.6600 17.0
43.069 58.6600 16.3
43.569 58.6600 15.7
44.070 58.5400 17.3
44.571 58.5800 16.0
45.072 58.5400 16.2
45.573 58.5000 16.4
46.073 58.4200 17.2
46.574 58.2900 18.8
47.075 58.2900 18.2
47.576 58.2100 19.0
48.077 58.2900 17.0
48.577 58.1700 18.7
49.078 58.1300 18.8
49.579 58.0100 20.4
50.080 58.0900 18.4
50.581 58.1300 17.3
51.082 58.2100 15.6
51.582 57.8800 20.8
52.083 57.8000 21.6
52.584 57.8000 21.1
53.085 57.7200 21.9
53.585 57.6400 22.7
54.086 57.4800 24.8
54.587 57.5600 22.8
55.088 57.6400 20.9
55.589 57.4400 23.9
56.089 57.5200 22.0
56.590 57.4000 23.6
57.091 57.4400 22.4
57.592 57.4000 22.7
58.093 57.3600 23.0
58.594 57.3600 22.6
59.094 57.2800 23.6
59.595 57.3600 21.8
60.096 57.1200 25.6
60.597 57.3200 21.8
61.097 57.2400 22.9
61.598 57.2400 22.6
62.099 57.2800 21.7
62.600 57.2400 22.2
63.101 57.1200 24.0
63.602 57.2000 22.4
64.103 57.2000 22.2
64.603 57.1600 22.8
65.104 57.1200 23.3
65.604 57.1600 22.4
66.105 57.1600 22.3
66.605 57.1200 22.9
67.106 57.2000 21.4
67.607 57.0400 24.1
68.108 57.0800 23.2
68.609 57.1200 22.5
69.110 57.0800 23.1
69.610 57.1600 21.7
70.111 57.0400 23.7
70.612 57.0000 24.3
71.113 57.0000 24.2
71.614 57.0000 24.1
72.114 57.0800 22.6
72.615 57.0800 22.7
73.116 57.0800 22.7
73.617 57.0800 22.7
74.118 57.0000 24.1
74.619 57.1200 22.1
75.120 57.1200 22.2
75.620 57.0400 23.6
76.121 56.9200 25.6
76.622 57.0000 24.1
77.123 56.9200 25.5
77.623 57.1200 22.1
78.124 56.9200 25.5
78.625 57.1600 21.5
79.126 57.1200 22.4
79.627 57.0400 23.8
80.128 56.9600 25.2
80.628 57.1600 21.9
81.129 57.1200 22.7
81.630 57.1600 22.2
82.131 57.2400 21.1
82.631 57.1600 22.7
83.132 57.2000 22.2
83.633 57.2400 21.7
84.134 57.2000 22.6
84.635 57.2400 22.1
85.136 57.2400 22.3
85.636 57.4000 19.8
86.137 57.2800 22.2
86.638 57.2800 22.4
87.139 57.3600 21.2
87.640 57.5200 18.8
88.140 57.4800 19.9
88.641 57.4400 21.0
89.142 57.5200 19.9
89.643 57.6000 18.9
90.144 57.5600 20.0
90.644 57.6800 18.3
91.145 57.5600 20.8
91.645 57.5200 21.7
92.146 57.6400 19.9
92.647 57.7600 18.2
93.148 57.7200 19.3
93.648 57.8000 18.3
94.149 57.1200 30.1
94.650 57.8400 17.6
95.151 57.8800 17.4
95.651 57.9700 16.6
96.152 57.9200 17.8
96.653 57.9700 17.5
97.154 58.0100 17.3
97.655 58.0900 16.4
98.156 57.9700 18.9
98.657 58.1300 16.6
99.157 58.0900 17.7
99.658 58.0500 18.8
100.159 58.1300 17.7
100.660 58.1700 17.4
101.161 58.1300 18.5
101.661 58.2100 17.5
102.162 58.2900 16.5
102.663 58.2500 17.6
103.164 58.2900 17.3
103.665 58.3300 16.9
104.165 58.3300 17.3
104.666 58.3700 17.0
105.167 58.4200 16.7
105.668 58.4600 16.4
106.169 58.4200 17.5
106.669 58.5000 16.4
107.170 58.5400 16.1
107.671 58.3700 19.2
108.172 58.7100 13.9
108.673 58.6200 15.8
109.174 58.6200 16.2
109.674 58.6600 15.9
110.175 58.6200 16.9
110.676 58.7500 15.1
111.177 58.7500 15.6
111.678 58.7900 15.2
112.179 58.7500 16.3
112.679 59.0000 12.4
113.180 58.9100 14.4
113.681 58.8300 16.2
114.182 59.0800 12.3
114.683 58.9600 14.9
115.183 59.0000 14.6
115.684 59.0800 13.5
116.185 59.0400 14.7
116.686 59.2500 11.5
117.187 59.2100 12.7
117.687 59.2100 13.2
118.187 59.3300 11.4
118.688 59.3300 12.0
119.189 59.3300 12.4
119.690 59.5000 10.0
120.191 59.4200 12.0
120.691 59.4600 11.7
121.192 59.3300 14.2
121.693 59.4600 12.4
122.194 59.5900 10.6
122.695 59.8000 7.5
123.197 59.4600 13.9
123.697 59.5500 12.7
124.198 59.6300 11.5
124.699 59.5900 12.6
125.200 59.7600 10.0
125.701 59.7200 11.2
126.202 59.6700 12.2
126.703 59.6300 13.2
127.203 59.8400 9.8
127.704 60.3200 2.4
128.205 59.8000 11.9
128.706 59.7200 13.6
129.207 59.8400 11.5
129.707 60.0200 8.9
130.208 59.8400 12.2
130.709 59.8900 11.7
131.210 59.8900 11.9
131.711 60.8000 0.0
132.212 59.9300 12.7
132.712 60.0600 10.6
133.213 60.1000 10.2
133.714 60.0200 11.9
134.215 59.7600 16.3
134.715 60.0200 11.8
135.217 60.1900 9.1
135.718 60.1000 10.8
136.219 60.2300 8.9
136.719 60.2300 9.2
137.220 60.2300 9.5
137.721 60.1900 10.5
138.222 60.3200 8.5
138.723 60.2300 10.2
139.224 60.2700 9.7
139.724 60.1900 11.3
140.225 60.4900 6.4
140.726 60.4100 8.2
141.227 60.5400 6.3
141.728 60.3200 10.4
142.228 60.2700 11.2
142.729 60.4100 9.1
143.229 60.4100 9.3
143.730 60.4100 9.4
144.231 60.3200 11.1
144.732 60.5800 6.7
145.232 60.4100 10.0
145.733 60.2700 12.2
146.234 60.4900 8.6
146.735 60.4500 9.5
147.236 60.5400 8.1
147.737 60.3600 11.2
148.237 60.3600 11.2
148.738 60.3600 11.2
149.239 60.4500 9.8
149.740 60.5800 7.7
150.241 60.2700 13.0
150.741 60.3600 11.4
151.242 60.3200 12.1
151.743 60.4100 10.5
152.244 60.2700 12.7
152.745 60.4100 10.4
153.246 60.4100 10.5
153.746 60.2700 12.7
154.247 60.4500 9.7
154.748 60.2700 12.6
155.249 60.3200 11.8
155.750 60.1000 15.3
156.251 60.1900 13.6
156.751 60.1500 14.2
157.252 60.1900 13.2
157.753 60.1500 13.8
158.254 60.1500 13.6
158.755 60.0200 15.6
159.255 60.0600 14.6
159.756 60.0600 14.4
160.257 59.7200 20.0
160.758 59.9700 15.1
161.259 59.7600 18.5
161.759 59.8400 16.6
162.260 59.7200 18.5
162.761 59.9300 14.5
163.262 59.9300 14.4
163.763 59.8900 15.0
164.264 59.8000 16.3
164.764 59.8000 16.0
165.265 59.8400 15.1
165.766 59.7200 17.1
166.267 59.8000 15.4
166.768 59.7600 16.0
167.269 59.7600 15.8
167.769 59.5900 18.5
168.270 59.6300 17.4
168.770 59.7200 15.8
169.271 59.8000 14.2
169.772 59.7600 14.9
170.272 59.7600 14.8
170.773 59.7200 15.5
171.274 59.5500 18.2
171.775 59.7200 15.1
172.276 59.8900 12.2
172.777 59.6700 15.9
173.277 59.5900 17.2
173.778 59.8000 13.5
174.279 59.8400 12.8
174.780 59.7200 15.1
175.281 59.9700 10.7
175.781 59.8000 13.8
176.282 59.7600 14.6
176.783 59.8400 13.1
177.284 59.8900 12.5
177.785 59.9700 11.2
178.285 59.8900 12.8
178.786 59.5500 18.6
179.287 59.7200 15.5
179.788 59.6300 16.8
180.289 59.8400 13.1
180.790 59.7600 14.6
181.290 59.8900 12.4
181.791 59.8000 14.0
182.292 59.8400 13.3
182.793 59.8400 13.4
183.294 59.8400 13.4
183.794 59.7200 15.6
184.295 59.8400 13.4
184.796 59.8000 14.2
185.297 59.7200 15.6
185.798 59.8400 13.4
186.298 60.4900 2.6
186.799 59.8000 14.9
187.300 59.8900 13.4
187.801 59.9300 12.8
188.302 59.8000 15.0
188.803 59.9300 12.8
189.303 59.8400 14.3
189.804 59.8400 14.3
190.305 59.8000 14.9
190.806 59.7600 15.6
191.307 59.7200 16.2
191.808 59.9300 12.5
192.308 59.8000 14.7
192.809 59.7600 15.4
193.310 59.7200 16.0
193.811 59.7200 15.9
194.312 59.7600 15.1
194.812 59.7600 15.0
195.313 59.7600 15.0
195.813 59.7600 14.9
196.314 59.8400 13.5
196.815 59.7600 15.0
197.316 59.7200 15.7
197.817 59.6700 16.3
198.317 59.7200 15.4
198.818 59.7600 14.7
199.319 59.7200 15.4
199.820 59.7200 15.3
200.321 59.6300 16.7
200.822 59.8000 13.7
201.322 59.7200 15.2
201.823 59.8000 13.8
202.324 59.7600 14.5
202.825 59.8900 12.4
203.326 59.7600 14.7
203.827 59.8400 13.3
204.327 59.7600 14.8
204.828 59.8900 12.7
205.329 59.8400 13.5
205.830 59.9300 12.2
206.331 59.6700 16.6
206.832 59.8400 13.6
207.333 60.0200 10.8
207.833 59.9300 12.5
208.334 60.0200 11.2
208.835 59.8900 13.6
209.336 59.8900 13.6
209.837 60.0200 11.5
210.338 59.7600 16.0
210.839 60.0200 11.6
211.339 59.9300 13.2
211.840 59.9300 13.2
212.341 57.7200 50.2
212.842 59.9700 10.1
213.343 59.9700 10.5
213.844 59.9700 10.8
214.344 59.9300 11.8
214.845 59.8000 14.2
215.346 59.9700 11.3
215.847 60.0200 10.9
216.348 59.8900 13.3
216.848 59.8900 13.4
217.349 59.9300 12.7
217.850 60.0200 11.4
218.351 59.9300 13.1
218.852 60.0600 11.0
219.353 59.8900 14.1
219.853 59.8900 14.1
220.354 60.1900 9.1
220.854 59.9700 13.0
221.355 59.9300 13.8
221.856 59.9700 13.1
222.357 59.9300 13.9
222.857 60.0200 12.4
223.358 59.8400 15.4
223.859 60.1500 10.3
224.360 60.0600 12.0
224.861 60.0600 12.1
225.362 60.1900 10.1
225.862 60.0200 13.2
226.363 60.0600 12.5
226.864 60.1900 10.4
227.365 60.1500 11.3
227.866 60.0600 12.9
228.367 60.0600 12.9
228.868 60.3200 8.6
229.368 60.1500 11.8
229.869 60.0600 13.4
230.370 60.1000 12.6
230.871 60.1500 11.9
231.372 60.1000 12.8
231.872 60.1000 12.8
232.373 60.1000 12.8
232.874 60.2300 10.6
233.375 60.1000 13.0
233.876 60.1500 12.2
234.377 60.0600 13.7
234.877 60.0600 13.7
235.378 60.1000 12.9
235.879 60.0600 13.6
236.380 60.0200 14.3
236.881 59.9700 14.9
237.381 59.9700 14.8
237.882 60.0200 14.0
238.383 60.0200 13.9
238.884 59.8900 16.0
239.385 59.9300 15.1
239.885 59.9300 15.0
240.386 59.8400 16.3
240.887 59.8900 15.4
241.388 59.8900 15.2
241.889 59.9700 13.7
242.390 59.7600 17.3
242.890 60.0600 12.0
243.391 59.8400 15.7
243.892 59.8400 15.6
244.393 59.8400 15.4
244.894 59.5500 20.3
245.394 59.8000 15.6
245.895 59.8000 15.5
246.395 59.8400 14.7
246.896 59.8000 15.4
247.397 59.7200 16.7
247.897 59.8000 15.2
248.398 59.8000 15.1
248.899 59.7600 15.8
249.400 59.8000 15.0
249.901 59.8400 14.2
250.402 59.8000 14.9
250.902 59.8900 13.5
251.403 59.7600 15.7
251.904 59.7600 15.6
252.405 59.8000 14.8
252.906 59.8400 14.1
253.407 59.8400 14.1
253.907 59.9300 12.7
254.408 59.7600 15.7
254.909 59.7200 16.4
255.410 59.7200 16.2
255.911 59.8900 13.3
256.411 59.7600 15.5
256.912 59.6700 16.9
257.413 59.8000 14.6
257.914 59.7200 16.0
258.415 59.7600 15.2
258.916 59.8900 13.1
259.416 59.7600 15.3
259.917 59.8900 13.2
260.418 59.8900 13.3
260.919 59.8400 14.1
261.420 59.6700 17.0
261.920 59.8000 14.7
262.421 59.8400 14.0
262.922 59.8900 13.3
263.423 59.8400 14.2
263.924 59.7200 16.3
264.425 59.8000 14.8
264.925 59.9700 11.9
265.426 59.8000 15.0
265.927 59.8000 15.0
266.428 59.9300 12.8
266.929 59.8400 14.4
267.430 59.9300 13.0
267.931 59.8000 15.2
268.431 59.8000 15.2
268.932 59.8400 14.5
269.433 59.8900 13.8
269.934 60.8000 0.0
270.435 59.7600 17.2
270.936 59.9700 13.4
271.437 60.0200 12.7
271.937 60.0200 12.8
272.438 59.9700 13.7
272.938 59.9300 14.4
273.439 60.1000 11.5
273.940 60.1000 11.7
274.441 60.1500 11.2
274.943 60.0600 13.1
275.444 60.0600 13.5
275.945 60.1900 11.8
276.445 60.2300 11.6
276.946 60.2300 12.2
277.447 60.1000 14.9
277.949 60.1900 13.8
278.450 60.1500 15.1
278.951 60.1900 14.8
279.452 60.1900 15.2
279.952 60.3200 13.6
280.453 60.2300 15.6
280.954 60.1900 16.8
281.455 60.1500 18.0
281.955 60.1900 17.6
282.456 60.1000 19.5
282.957 60.2700 17.0
283.458 60.0600 21.1
283.959 60.1900 19.2
284.459 60.2300 19.0
284.960 60.2700 18.8
285.461 60.1000 22.2
285.962 60.2700 19.6
286.463 60.2700 20.2
286.963 60.4500 17.8
287.464 60.2300 22.2
287.965 60.2300 22.6
288.466 60.2300 23.1
288.966 60.4500 19.9
289.467 60.5400 19.1
289.968 60.2300 25.0
290.469 60.3200 23.9
290.970 60.3600 23.7
291.471 60.3600 24.3
291.971 60.3200 25.6
292.472 60.3600 25.3
292.973 60.4100 25.1
293.474 60.4100 25.7
293.975 60.3200 27.8
294.476 60.4100 26.8
294.976 60.5400 25.2
295.477 60.1500 32.4
295.978 60.4900 26.9
296.479 60.5800 26.1
296.979 60.4500 29.0
297.479 60.5800 27.4
297.980 60.5800 28.2
298.481 60.5800 28.9
298.982 60.5800 29.6
299.483 60.5800 30.2
299.983 60.4900 32.4
300.484 60.5800 31.4
300.985 60.5400 32.8
301.486 60.5800 32.7
301.987 60.6200 32.6
302.487 60.4900 35.4
302.988 60.6200 33.8
303.489 60.6700 33.7
303.990 60.7100 33.7
304.491 62.0500 12.0
304.991 60.6200 38.1
305.492 60.5800 39.3
305.993 60.6200 39.0
306.494 60.6200 39.5
306.995 60.7100 38.5
307.496 60.6700 39.8
307.996 60.7100 39.6
308.497 60.6700 41.0
308.998 60.6700 41.5
309.499 60.5800 43.5
309.999 60.6700 42.5
310.500 60.7100 42.4
311.001 60.7100 43.0
311.502 60.7500 42.9
312.003 60.9800 39.9
312.503 60.7500 44.5
313.004 60.8400 43.7
313.505 60.8900 43.7
314.006 60.8400 45.2
314.507 60.8000 46.6
315.008 60.7500 48.0
315.508 60.8900 46.4
316.009 60.9300 46.4
316.510 61.0200 45.7
317.011 61.0200 46.6
317.512 60.9800 48.2
318.012 61.1100 46.8
318.513 62.1900 29.6
319.014 61.2000 48.3
319.515 61.2000 49.1
320.016 61.2400 49.2
320.517 61.2000 50.8
321.017 61.2400 50.8
321.518 61.3800 49.4
322.019 61.4200 49.6
322.520 61.5500 48.4
323.020 61.6400 48.0
323.520 61.6000 49.9
324.021 61.7300 48.7
324.522 61.6400 51.3
325.023 61.7800 50.1
325.524 60.5400 72.0
326.024 62.0100 47.1
326.525 62.0500 47.8
327.026 62.0100 50.0
327.527 62.3300 45.9
328.028 62.2400 49.0
328.528 62.5600 45.0
329.029 62.2800 51.4
329.530 62.3300 51.9
330.031 62.4200 51.6
330.532 62.4700 52.1
331.032 62.6100 51.1
331.533 62.5600 53.3
332.034 62.7900 50.7
332.535 62.7000 53.7
333.036 62.7400 54.2
333.537 62.7000 56.3
334.037 62.8400 55.1
334.538 62.8800 55.6
335.039 62.9300 56.1
335.540 63.2600 51.9
336.040 62.8800 59.8
336.541 63.1200 56.9
337.042 63.1600 57.4
337.543 63.1600 58.7
338.044 63.2600 58.4
338.545 63.4000 57.3
339.045 63.4000 58.7
339.546 63.5400 57.6
340.047 63.6400 57.5
340.548 63.6900 58.1
341.049 63.8800 56.4
341.549 63.8300 58.7
342.050 63.8800 59.4
342.551 64.0700 57.6
343.052 64.0200 60.0
343.553 64.2100 58.1
344.054 64.4100 56.5
344.554 64.4600 57.4
345.055 64.5000 58.2
345.556 64.3600 62.3
346.057 64.6500 58.7
346.557 64.7000 59.5
347.058 64.9500 57.0
347.559 65.0000 58.0
348.060 64.8500 62.2
348.561 65.2400 57.0
349.061 65.1500 60.5
349.562 65.3400 58.8
350.062 65.4900 58.0
350.563 65.3900 61.5
351.064 65.7000 58.1
351.565 65.6000 61.6
352.065 65.8000 59.9
352.566 66.0500 57.4
353.067 66.1000 58.4
353.568 66.3100 56.9
354.069 66.2000 60.6
354.569 66.3600 59.8
355.070 66.3100 62.4
355.571 66.6200 58.9
356.072 66.9800 54.7
356.572 66.9300 57.8
357.073 67.0900 57.1
357.574 67.2400 56.5
358.075 67.4000 56.0
358.576 67.5100 56.3
359.077 67.6700 55.8
359.578 67.7800 56.1
360.079 67.9400 55.5
360.580 67.4600 65.7
361.081 68.1500 55.6
361.581 68.2600 55.9
362.082 68.4800 54.4
362.583 68.6400 54.0
363.084 68.8100 53.5
363.585 68.8700 54.9
364.085 69.0900 53.4
364.586 69.0300 56.6
365.087 69.3100 54.0
365.588 69.3700 55.4
366.089 69.6500 52.8
366.590 69.8200 52.3
367.090 69.8200 54.7
367.591 69.8200 56.9
368.092 70.1000 54.2
368.593 70.3300 52.5
369.093 70.5100 52.0
369.594 70.5700 53.4
370.095 70.6200 54.7
370.596 70.9200 52.0
371.097 71.0300 52.4
371.597 71.1500 52.7
372.098 71.2100 54.0
372.599 71.3900 53.2
373.100 71.6300 51.5
373.601 71.5700 54.8
374.101 72.0500 48.9
374.602 71.9300 53.4
375.103 72.1700 51.5
375.604 72.1700 53.9
376.104 72.4200 51.9
376.604 72.4800 53.2
377.105 72.6700 52.3
377.606 72.7300 53.5
378.107 72.7900 54.6
378.608 72.9800 53.6
379.108 72.8500 57.8
379.609 73.6100 47.0
380.110 73.3500 53.9
380.611 73.6100 51.7
381.111 73.5400 55.0
381.612 73.5400 57.1
382.113 73.8000 54.7
382.614 73.6700 58.9
383.115 74.1200 53.1
383.615 73.2900 69.1
384.116 74.3800 52.0
384.617 74.3100 55.4
385.118 74.5700 53.0
385.619 74.3800 58.5
386.120 74.8400 52.7
386.620 74.5700 59.3
387.121 74.9700 54.4
387.622 75.0400 55.4
388.123 75.1700 55.2
388.623 75.1700 57.2
389.124 75.2400 58.0
389.625 75.5700 54.3
390.126 75.6400 55.3
390.627 75.6400 57.3
391.127 75.9100 54.7
391.628 75.8400 57.9
392.129 76.1800 54.0
392.630 76.2500 55.0
393.131 76.6700 50.1
393.632 76.4700 55.9
394.132 76.8800 50.9
394.633 76.8800 53.2
395.134 77.0200 53.0
395.635 77.4500 48.1
396.135 77.4500 50.6
396.636 77.5200 51.7
397.137 77.8100 49.1
397.638 78.1700 45.4
398.139 78.1700 48.1
398.640 78.0300 52.9
399.141 78.4600 47.6
399.642 78.6100 47.6
400.143 78.2400 56.1
400.643 78.7600 49.4
401.144 78.7600 51.6
401.645 78.9800 50.0
402.145 79.2100 48.5
402.645 79.2100 50.8
403.146 79.2100 52.9
403.647 79.2100 54.9
404.148 79.3600 54.2
404.649 79.4300 54.9
405.149 79.7400 51.6
405.650 79.7400 53.7
406.151 79.9700 51.8
406.652 80.0500 52.6
407.152 80.2800 50.7
407.653 80.1200 55.4
408.154 80.3600 53.3
408.655 80.2800 56.5
409.156 80.4300 55.7
409.657 80.7500 52.2
410.157 80.9100 51.6
410.658 81.1500 49.7
411.159 80.9100 55.9
411.660 81.3100 51.0
412.161 81.3900 51.7
412.661 81.4700 52.4
413.162 81.6300 51.7
413.663 81.7900 51.0
414.164 81.9500 50.4
414.665 82.1200 49.7
415.165 82.1200 51.9
415.666 82.4500 48.3
416.167 82.5300 49.2
416.668 82.6100 49.9
417.169 82.5300 53.4
417.669 82.6100 53.9
418.170 82.8600 51.5
418.671 83.0300 50.7
419.172 83.2900 48.5
419.673 83.2000 52.1
420.173 83.4600 49.7
420.674 83.6300 48.9
421.175 83.6300 51.0
421.676 83.8900 48.7
422.177 84.1500 46.5
422.678 84.1500 48.7
423.178 84.0600 52.3
423.679 84.5900 45.3
424.180 84.2400 53.5
424.681 84.5000 50.9
425.182 84.5900 51.0
425.683 85.0400 45.1
426.183 85.1300 45.6
426.684 85.1300 47.4
427.185 85.1300 49.1
427.686 85.4000 46.1
428.187 85.4900 46.4
428.687 85.5800 46.5
429.187 85.7600 45.1
429.688 85.9500 43.7
430.189 86.0400 43.9
430.689 86.4100 39.3
431.190 85.8500 50.6
431.691 86.5000 40.9
432.192 86.9800 34.8
432.693 86.8800 38.5
433.193 87.0700 37.2
433.694 86.6000 47.0
434.195 87.0700 40.2
434.696 87.2600 38.6
435.197 87.7500 32.2
435.697 87.5500 37.5
436.198 87.5500 39.2
436.699 88.0400 32.5
437.200 87.5500 42.6
437.701 88.4400 29.0
438.201 87.8500 41.0
438.702 88.3400 33.9
439.203 88.0400 40.5
439.704 88.7400 30.1
440.205 88.6400 33.6
440.705 84.7700 99.7
441.206 89.0400 25.4
441.707 88.9400 29.2
442.208 89.0400 29.4
442.709 89.7600 19.2
443.210 89.5500 25.1
443.710 89.7600 23.6
444.211 89.5500 29.0
444.712 89.6500 28.8
445.213 89.6500 30.4
445.713 89.8600 28.3
446.214 90.6000 17.4
446.715 90.4900 21.4
447.216 90.3900 25.0
447.717 90.6000 22.9
448.217 90.4900 26.3
448.718 90.8100 22.3
449.219 90.7000 25.7
449.720 90.9200 23.4
450.221 90.9200 24.8
450.722 91.2400 20.6
451.222 91.3500 20.3
451.723 91.5700 18.1
452.224 91.4600 21.5
452.725 91.5700 21.0
453.226 91.5700 22.2
453.727 92.3400 10.4
454.227 91.7900 21.6
454.728 91.6800 24.5
455.229 91.6800 25.4
455.729 92.1200 18.7
456.229 91.9000 23.6
456.730 92.2300 18.8
457.231 92.0100 23.6
457.732 92.0100 24.4
458.233 92.1200 23.2
458.733 92.4600 18.3
459.234 92.3400 21.1
459.735 92.4600 20.0
460.236 92.1200 26.5
460.736 92.4600 21.2
461.237 92.6800 18.1
461.738 92.5700 20.9
462.239 92.5700 21.5
462.739 92.5700 22.1
463.240 92.5700 22.6
463.741 93.1400 13.6
464.242 94.3100 0.0
464.743 92.7900 22.9
465.243 92.9100 21.3
465.744 93.2500 16.0
466.245 93.3700 14.8
466.746 93.1400 19.4
467.247 93.4800 14.1
467.748 93.1400 20.6
468.248 93.2500 19.0
468.749 93.2500 19.4
469.250 93.3700 17.8
469.751 93.4800 16.3
470.252 93.2500 20.7
470.752 92.5700 32.3
471.253 93.4800 16.4
471.754 93.3700 18.8
472.255 93.7200 13.2
472.755 93.8300 11.9
473.256 93.6000 16.5
473.757 94.1900 7.1
474.258 94.4200 4.1
474.759 93.9500 13.1
475.260 93.8300 15.6
475.760 94.0700 11.9
476.261 93.8300 16.3
476.762 94.5400 4.6
477.263 94.1900 11.6
477.764 94.3100 10.0
478.264 94.4200 8.6
478.765 94.1900 13.1
479.266 94.1900 13.3
479.767 94.1900 13.6
480.268 94.0700 15.7
480.769 93.9500 17.7
481.269 94.4200 9.7
481.770 94.5400 8.1
482.270 94.6600 6.5
482.771 94.3100 13.1
483.272 94.5400 9.2
483.773 94.5400 9.5
484.273 94.4200 11.8
484.774 94.4200 11.9
485.275 94.4200 12.0
485.776 94.5400 10.1
486.276 94.4200 12.2
486.777 94.0700 18.2
487.278 94.1900 15.8
487.779 94.1900 15.6
488.280 94.1900 15.4
488.781 94.0700 17.1
489.282 94.0700 16.8
489.782 94.1900 14.5
490.283 93.9500 18.2
490.784 93.9500 17.8
491.285 94.1900 13.5
491.785 94.0700 15.3
492.286 93.9500 17.1
492.787 93.7200 20.6
493.288 93.7200 20.0
493.789 93.9500 15.6
494.290 93.9500 15.3
494.790 93.8300 17.1
495.291 94.0700 12.8
495.792 93.9500 14.7
496.293 93.7200 18.4
496.794 93.8300 16.0
497.294 93.8300 15.7
497.795 93.7200 17.4
498.296 93.8300 15.0
498.797 94.3100 6.9
499.297 94.1900 9.2
499.798 93.7200 17.2
500.299 93.8300 14.8
500.800 93.8300 14.6
501.301 93.8300 14.3
501.801 93.7200 16.1
502.302 93.7200 15.7
502.803 93.3700 21.2
503.304 93.4800 18.6
503.805 93.8300 12.2
504.305 93.7200 14.1
504.806 93.4800 17.8
505.307 93.7200 13.4
505.808 93.6000 15.2
506.309 93.4800 16.9
506.809 93.9500 8.7
507.310 93.3700 18.5
507.811 93.7200 12.2
508.312 93.3700 17.9
508.812 93.1400 21.3
509.312 93.2500 18.6
509.813 93.4800 14.2
510.314 93.2500 17.9
510.815 93.6000 11.6
511.315 93.2500 17.4
511.817 93.3700 15.0
512.317 93.4800 12.8
512.818 92.9100 22.3
513.319 93.6000 10.0
513.820 93.3700 13.9
514.320 93.3700 13.7
514.821 92.9100 21.2
515.322 93.1400 16.7
515.823 92.9100 20.1
516.324 93.2500 13.8
516.824 93.0200 17.4
517.325 92.9100 18.9
517.826 92.3400 27.8
518.327 92.1200 30.4
518.828 92.6800 19.8
519.329 92.4600 23.1
519.829 92.4600 22.4
520.330 93.0200 12.2
520.831 93.2500 8.4
521.332 92.5700 20.1
521.832 92.5700 19.6
522.333 93.0200 11.6
522.834 92.4600 21.1
523.335 92.5700 18.6
523.836 92.5700 18.2
524.336 92.2300 23.5
524.837 92.3400 20.9
525.338 92.5700 16.6
525.839 92.5700 16.4
526.339 92.5700 16.2
526.840 92.5700 16.0
527.341 92.2300 21.4
527.842 92.2300 20.9
528.343 92.1200 22.2
528.844 92.1200 21.6
529.344 92.0100 22.9
529.845 92.5700 13.0
530.346 92.1200 20.5
530.847 91.9000 23.8
531.348 92.2300 17.6
531.848 92.5700 11.7
532.349 91.9000 23.1
532.850 92.0100 20.6
533.351 92.1200 18.3
533.852 91.9000 21.8
534.353 91.7900 23.1
534.854 91.7900 22.5
535.354 91.4600 27.5
535.854 90.4900 42.8
536.355 91.3500 26.6
536.856 91.4600 24.1
537.357 91.6800 19.9
537.858 91.4600 23.3
538.358 91.4600 22.9
538.859 91.5700 20.6
539.360 91.0300 29.4
539.861 91.3500 23.2
540.361 91.0300 28.2
540.862 91.2400 23.9
541.363 91.0300 27.1
541.864 91.2400 22.8
542.365 90.9200 27.9
542.866 90.9200 27.2
543.366 90.8100 28.4
543.867 90.9200 26.0
544.368 91.0300 23.7
544.869 90.8100 27.0
545.370 90.8100 26.5
545.870 90.9200 24.2
546.371 90.6000 29.3
546.872 90.3900 32.2
547.373 90.6000 27.8
547.874 90.8100 23.8
548.375 90.6000 27.1
548.875 90.4900 28.4
549.376 90.6000 26.1
549.877 90.2800 31.1
550.378 90.1800 32.2
550.879 90.2800 29.7
551.379 90.3900 27.4
551.880 90.3900 27.1
552.381 90.0700 32.0
552.882 90.2800 27.9
553.383 90.1800 29.3
553.884 90.4900 23.6
554.384 90.1800 28.8
554.885 89.9700 31.9
555.386 89.8600 33.1
555.887 90.2800 25.4
556.387 89.8600 32.3
556.888 90.0700 28.2
557.389 89.8600 31.5
557.890 89.6500 34.4
558.391 89.7600 32.0
558.891 89.5500 35.0
559.392 89.6500 32.6
559.893 89.6500 32.1
560.394 89.9700 26.5
560.895 89.5500 33.4
561.395 89.8600 27.7
561.895 89.4500 34.5
562.396 89.4500 33.9
562.897 89.5500 31.7
563.398 89.7600 27.9
563.898 89.5500 31.3
564.399 89.4500 32.7
564.900 89.4500 32.4
565.401 89.5500 30.3
565.902 89.4500 31.8
566.402 89.4500 31.6
566.903 89.8600 24.4
567.404 89.1400 36.7
567.905 89.7600 25.8
568.406 89.2400 34.5
568.907 89.5500 29.0
569.407 89.5500 28.9
569.908 89.3500 32.3
570.409 89.0400 37.1
570.910 89.3500 31.5
571.411 89.4500 29.6
571.912 89.1400 34.7
572.412 89.2400 32.6
572.913 89.0400 35.8
573.414 89.3500 30.2
573.915 89.2400 31.9
574.416 89.2400 31.7
574.916 89.2400 31.6
575.417 89.4500 28.1
575.918 89.1400 33.3
576.419 89.9700 19.4
576.920 88.8400 38.9
577.421 89.8600 21.2
577.921 89.3500 30.4
578.422 89.1400 33.8
578.923 89.1400 33.5
579.424 89.0400 35.0
579.925 89.1400 33.0
580.425 89.4500 27.7
580.926 89.0400 34.7
581.427 89.3500 29.3
581.928 89.0400 34.5
582.429 88.7400 39.3
582.930 89.1400 31.9
583.430 89.1400 31.9
583.931 89.4500 26.7
584.432 89.4500 27.0
584.933 89.3500 29.0
585.434 89.1400 32.5
585.934 89.3500 29.0
586.435 88.9400 36.0
586.936 88.8400 37.3
587.437 89.1400 31.8
587.937 89.2400 30.1
588.437 89.4500 26.8
588.938 89.1400 32.2
