# time_s  setpoint_c  celsius  duty_pct  err_real  err_pred  predicted_c  rate_c_s
2.709 57.35 56.9200 15.4 0.431 2.485 55.91 -0.0849
2.810 57.36 56.9200 15.5 0.445 2.509 55.92 -0.0833
2.908 57.37 56.9200 15.5 0.455 2.500 55.96 -0.0795
3.010 57.38 56.9000 16.3 0.486 2.637 55.86 -0.0861
3.109 57.39 56.8900 16.6 0.505 2.688 55.85 -0.0867
3.209 57.40 56.8600 17.7 0.542 2.861 55.71 -0.0960
3.309 57.41 56.8400 18.5 0.573 2.986 55.62 -0.1018
3.409 57.42 56.8400 18.1 0.577 2.917 55.72 -0.0937
3.509 57.43 56.8200 18.8 0.607 3.032 55.64 -0.0987
3.610 57.44 56.8200 18.9 0.625 3.061 55.65 -0.0976
3.708 57.45 56.8000 19.5 0.652 3.151 55.59 -0.1010
3.810 57.46 56.8000 19.4 0.665 3.139 55.63 -0.0971
3.908 57.48 56.7800 20.3 0.699 3.273 55.53 -0.1036
4.010 57.49 56.7700 20.1 0.712 3.252 55.59 -0.0990
4.109 57.50 56.7600 20.6 0.737 3.319 55.55 -0.1008
4.209 57.51 56.7400 21.1 0.764 3.402 55.50 -0.1038
4.309 57.52 56.7400 21.2 0.784 3.429 55.51 -0.1026
4.410 57.53 56.7100 22.1 0.820 3.568 55.40 -0.1095
4.510 57.55 56.7100 22.0 0.835 3.550 55.45 -0.1053
4.610 57.56 56.6800 23.0 0.875 3.715 55.31 -0.1140
4.709 57.57 56.6900 22.6 0.882 3.641 55.42 -0.1058
4.810 57.58 56.6800 22.9 0.907 3.693 55.40 -0.1066
4.908 57.60 56.6600 23.4 0.936 3.777 55.34 -0.1096
5.010 57.61 56.6500 23.6 0.957 3.796 55.35 -0.1080
5.109 57.62 56.6400 24.0 0.985 3.867 55.31 -0.1102
5.209 57.63 56.6300 24.2 1.009 3.903 55.31 -0.1098
5.309 57.65 56.6200 24.4 1.030 3.924 55.32 -0.1084
5.409 57.66 56.6400 23.1 1.018 3.711 55.56 -0.0902
5.510 57.67 56.5900 25.1 1.083 4.047 55.25 -0.1115
5.610 57.69 56.5700 25.9 1.121 4.179 55.15 -0.1181
5.709 57.70 56.5800 25.3 1.125 4.069 55.29 -0.1074
5.810 57.72 56.5500 26.1 1.164 4.210 55.18 -0.1146
5.908 57.73 56.5500 26.0 1.181 4.184 55.23 -0.1099
6.010 57.74 56.5100 27.3 1.230 4.396 55.05 -0.1222
6.109 57.76 56.5300 26.6 1.233 4.271 55.20 -0.1103
6.209 57.77 56.4700 28.9 1.307 4.650 54.85 -0.1346
6.309 57.79 56.4800 28.1 1.311 4.524 55.00 -0.1227
6.409 57.80 56.4900 27.1 1.309 4.359 55.20 -0.1081
6.509 57.82 56.4600 28.3 1.357 4.554 55.03 -0.1192
6.610 57.83 56.4500 28.5 1.382 4.582 55.03 -0.1183
6.708 57.85 56.4300 29.0 1.413 4.654 54.98 -0.1207
6.810 57.86 56.4400 28.4 1.420 4.554 55.11 -0.1108
6.908 57.88 56.4400 28.3 1.439 4.542 55.15 -0.1072
7.010 57.89 56.4100 29.4 1.485 4.720 55.00 -0.1172
7.109 57.91 56.4100 28.9 1.495 4.635 55.11 -0.1084
7.209 57.92 56.4000 29.1 1.521 4.668 55.10 -0.1081
7.309 57.94 56.3800 29.6 1.553 4.751 55.05 -0.1113
7.409 57.95 56.3800 29.6 1.575 4.754 55.07 -0.1089
7.509 57.97 56.3700 29.9 1.601 4.790 55.06 -0.1086
7.610 57.99 56.3500 30.3 1.634 4.865 55.01 -0.1116
7.709 58.00 56.3400 30.5 1.659 4.889 55.02 -0.1105
7.809 58.02 56.3300 30.8 1.688 4.939 54.99 -0.1115
7.909 58.03 56.3200 30.8 1.709 4.936 55.02 -0.1088
8.009 58.05 56.3100 31.2 1.739 4.994 54.99 -0.1102
8.110 58.07 56.3000 31.3 1.765 5.017 54.99 -0.1093
8.208 58.08 56.2900 31.4 1.788 5.027 55.00 -0.1074
8.310 58.10 56.2800 31.6 1.815 5.066 54.99 -0.1076
8.409 58.11 56.2800 31.6 1.835 5.049 55.04 -0.1036
8.509 58.13 56.2600 32.1 1.869 5.132 54.98 -0.1072
8.610 58.15 56.2500 32.2 1.893 5.146 54.99 -0.1056
8.708 58.16 56.2400 32.4 1.919 5.177 54.98 -0.1052
8.810 58.18 56.2300 32.7 1.950 5.235 54.95 -0.1068
8.909 58.20 56.2300 32.5 1.967 5.200 55.01 -0.1020
9.010 58.21 56.2400 32.0 1.977 5.114 55.12 -0.0932
9.110 58.23 56.1900 33.8 2.038 5.394 54.86 -0.1108
9.209 58.25 56.1800 34.2 2.071 5.461 54.82 -0.1130
9.310 58.26 56.1900 33.5 2.078 5.350 54.96 -0.1026
9.409 58.28 56.1900 33.1 2.092 5.290 55.04 -0.0958
9.510 58.30 56.1600 34.1 2.137 5.451 54.90 -0.1050
9.610 58.32 56.1600 33.9 2.152 5.401 54.98 -0.0988
9.709 58.33 56.1500 34.3 2.186 5.477 54.93 -0.1019
9.809 58.35 56.1500 34.1 2.203 5.438 54.99 -0.0967
9.909 58.37 56.1200 35.2 2.250 5.614 54.84 -0.1068
10.009 58.39 56.1300 34.3 2.252 5.469 55.00 -0.0941
10.110 58.40 56.1100 35.2 2.295 5.611 54.89 -0.1018
10.208 58.42 56.1200 34.5 2.302 5.501 55.02 -0.0916
10.310 58.44 56.0900 35.5 2.347 5.662 54.88 -0.1007
10.408 58.46 56.1000 34.9 2.354 5.554 55.01 -0.0906
10.510 58.47 56.1000 35.0 2.378 5.563 55.03 -0.0888
10.609 58.49 56.0900 35.1 2.402 5.578 55.04 -0.0877
10.709 58.51 56.0800 35.4 2.431 5.631 55.01 -0.0892
10.810 58.53 56.0700 35.7 2.460 5.680 54.98 -0.0903
10.908 58.54 56.0000 38.5 2.548 6.133 54.55 -0.1205
11.010 58.56 56.0500 36.1 2.517 5.744 54.96 -0.0902
11.109 58.58 56.0400 36.1 2.539 5.741 54.99 -0.0876
11.209 58.60 56.0400 36.0 2.557 5.717 55.04 -0.0836
11.309 58.62 56.0300 36.4 2.588 5.777 55.00 -0.0857
11.409 58.63 56.0300 36.1 2.603 5.729 55.07 -0.0800
11.510 58.65 56.0400 35.6 2.614 5.651 55.17 -0.0722
11.610 58.67 56.0300 35.8 2.638 5.673 55.17 -0.0716
11.709 58.69 56.0100 36.5 2.676 5.793 55.07 -0.0782
11.810 58.71 56.0200 36.2 2.689 5.733 55.16 -0.0718
11.908 58.72 56.0000 36.7 2.723 5.817 55.10 -0.0756
12.010 58.74 56.0200 35.9 2.725 5.686 55.25 -0.0642
12.109 58.76 56.0000 36.5 2.758 5.772 55.19 -0.0681
12.209 58.78 56.0100 35.9 2.766 5.681 55.30 -0.0596
12.310 58.80 56.0100 36.1 2.789 5.699 55.30 -0.0590
12.408 58.82 56.0100 36.1 2.810 5.706 55.32 -0.0574
12.510 58.84 56.0000 36.2 2.833 5.723 55.32 -0.0565
12.609 58.85 55.9800 37.2 2.875 5.874 55.20 -0.0653
12.709 58.87 56.0000 36.4 2.877 5.744 55.35 -0.0540
12.809 58.89 56.0100 35.7 2.880 5.625 55.49 -0.0435
12.909 58.91 55.9900 36.4 2.914 5.732 55.40 -0.0493
13.009 58.93 55.9700 37.5 2.959 5.910 55.25 -0.0600
13.110 58.95 55.9700 37.4 2.979 5.900 55.28 -0.0573
13.208 58.96 55.9700 37.3 2.996 5.878 55.32 -0.0538
13.310 58.98 56.0000 35.7 2.980 5.622 55.60 -0.0336
13.408 59.00 55.9800 36.6 3.018 5.761 55.48 -0.0417
13.510 59.02 55.9800 37.0 3.045 5.821 55.45 -0.0441
13.609 59.04 55.9800 36.8 3.061 5.791 55.50 -0.0402
13.709 59.06 55.9900 36.3 3.067 5.703 55.61 -0.0319
13.809 59.08 56.0000 36.0 3.079 5.657 55.68 -0.0269
13.909 59.10 55.9900 36.0 3.101 5.645 55.67 -0.0274
14.010 59.11 55.9900 36.0 3.125 5.644 55.64 -0.0291
14.110 59.13 56.0400 33.7 3.095 5.267 55.99 -0.0037
14.209 59.15 55.9900 35.3 3.154 5.530 55.70 -0.0244
14.310 59.17 56.0000 34.9 3.165 5.451 55.76 -0.0202
14.409 59.18 55.9800 35.4 3.199 5.535 55.65 -0.0278
14.510 59.20 56.0000 34.4 3.198 5.370 55.79 -0.0176
14.609 59.22 55.9900 34.5 3.221 5.389 55.75 -0.0204
14.709 59.23 55.9900 34.4 3.239 5.366 55.75 -0.0202
14.810 59.25 56.0100 33.3 3.234 5.188 55.90 -0.0090
14.909 59.26 56.0100 33.1 3.248 5.151 55.92 -0.0079
15.010 59.28 56.0200 32.5 3.251 5.046 56.00 -0.0019
15.110 59.29 56.0200 32.5 3.269 5.051 55.98 -0.0037
15.209 59.30 56.0100 32.8 3.292 5.089 55.92 -0.0078
15.310 59.32 56.0300 31.8 3.286 4.927 56.06 0.0024
15.409 59.33 56.0300 32.0 3.306 4.954 56.01 -0.0009
15.510 59.35 56.0400 31.2 3.305 4.825 56.12 0.0068
15.610 59.36 56.0400 31.1 3.317 4.807 56.12 0.0067
15.709 59.37 56.0500 30.8 3.324 4.752 56.16 0.0093
15.810 59.38 56.0400 31.1 3.344 4.790 56.10 0.0052
15.908 59.40 56.0700 29.8 3.329 4.586 56.29 0.0185
16.010 59.41 56.0500 30.4 3.355 4.672 56.18 0.0109
16.111 59.42 56.0700 29.4 3.346 4.519 56.32 0.0205
16.209 59.43 56.0900 28.9 3.346 4.432 56.39 0.0254
16.310 59.44 56.0700 29.4 3.369 4.513 56.29 0.0182
16.408 59.45 56.0900 28.5 3.360 4.364 56.43 0.0275
16.510 59.47 56.1100 28.1 3.360 4.291 56.48 0.0314
16.609 59.48 56.1100 27.9 3.365 4.256 56.50 0.0327
16.709 59.49 56.1000 28.2 3.382 4.308 56.44 0.0277
16.809 59.50 56.1300 27.2 3.368 4.137 56.59 0.0387
16.909 59.51 56.1400 26.7 3.365 4.055 56.66 0.0432
17.009 59.52 56.1300 27.2 3.385 4.137 56.56 0.0359
17.110 59.53 56.1600 26.0 3.364 3.934 56.75 0.0492
17.208 59.54 56.1700 25.9 3.369 3.917 56.76 0.0491
17.310 59.55 56.1800 25.6 3.369 3.869 56.79 0.0513
17.408 59.55 56.1800 25.6 3.374 3.853 56.79 0.0510
17.510 59.56 56.1900 25.2 3.372 3.797 56.84 0.0537
17.609 59.57 56.2200 24.2 3.353 3.621 57.00 0.0650
17.709 59.58 56.2200 24.1 3.356 3.608 57.00 0.0646
17.809 59.59 56.2400 23.6 3.349 3.531 57.07 0.0688
17.909 59.60 56.2600 23.1 3.341 3.441 57.14 0.0739
18.009 59.61 56.2600 23.0 3.341 3.419 57.15 0.0741
18.110 59.61 56.2700 22.8 3.338 3.379 57.18 0.0756
18.208 59.62 56.2900 22.4 3.332 3.319 57.23 0.0786
18.310 59.63 56.2900 22.6 3.339 3.346 57.19 0.0753
18.408 59.64 56.3200 21.4 3.313 3.144 57.38 0.0883
18.510 59.64 56.3100 22.3 3.334 3.288 57.23 0.0767
18.609 59.65 56.3500 20.6 3.298 3.017 57.49 0.0948
18.709 59.66 56.3500 21.2 3.312 3.113 57.38 0.0865
18.809 59.66 56.3800 20.1 3.286 2.927 57.56 0.0985
18.909 59.67 56.4000 19.6 3.275 2.852 57.62 0.1024
19.010 59.68 56.4000 20.0 3.282 2.910 57.56 0.0970
19.110 59.68 56.4200 19.1 3.259 2.753 57.71 0.1067
19.209 59.69 56.4200 19.5 3.268 2.823 57.63 0.1003
19.310 59.70 56.4500 18.8 3.249 2.699 57.74 0.1077
19.409 59.70 56.4700 18.1 3.232 2.592 57.84 0.1141
19.510 59.71 56.4900 17.7 3.219 2.519 57.90 0.1178
19.610 59.71 56.5000 17.6 3.214 2.507 57.91 0.1172
19.709 59.72 56.5100 17.4 3.206 2.472 57.93 0.1183
19.810 59.73 56.5300 17.4 3.200 2.453 57.94 0.1182
19.909 59.73 56.5400 17.2 3.192 2.422 57.97 0.1191
20.010 59.74 56.5700 16.0 3.161 2.233 58.15 0.1311
20.110 59.74 56.5900 16.0 3.155 2.224 58.15 0.1303
20.209 59.75 56.5900 16.1 3.153 2.244 58.12 0.1274
20.310 59.75 56.6200 15.5 3.133 2.136 58.22 0.1337
20.409 59.76 56.6400 15.1 3.117 2.064 58.29 0.1374
20.510 59.76 56.6700 14.4 3.096 1.956 58.39 0.1436
20.609 59.77 56.6900 14.0 3.081 1.895 58.44 0.1464
20.709 59.77 56.7100 13.4 3.059 1.797 58.54 0.1520
20.809 59.78 56.7300 13.1 3.042 1.729 58.60 0.1552
20.909 59.78 56.7500 13.0 3.033 1.719 58.60 0.1543
21.009 59.78 56.7500 13.3 3.031 1.763 58.55 0.1497
21.110 59.79 56.7800 12.6 3.008 1.653 58.65 0.1560
21.208 59.79 56.8200 11.5 2.972 1.462 58.84 0.1682
21.310 59.80 56.8400 11.4 2.960 1.442 58.85 0.1680
21.408 59.80 56.8400 11.7 2.959 1.500 58.79 0.1621
21.510 59.81 56.8700 11.2 2.938 1.415 58.87 0.1666
21.609 59.81 56.9100 10.1 2.902 1.233 59.04 0.1780
21.709 59.81 56.9300 9.6 2.880 1.152 59.12 0.1822
21.809 59.82 56.9500 9.4 2.863 1.109 59.16 0.1836
21.909 59.82 56.9800 9.1 2.845 1.067 59.19 0.1849
22.009 59.82 56.9800 9.5 2.843 1.130 59.13 0.1787
22.110 59.83 57.0000 9.3 2.826 1.090 59.16 0.1799
22.208 59.83 57.0200 9.1 2.809 1.047 59.20 0.1812
22.310 59.83 57.0600 8.0 2.771 0.867 59.37 0.1925
22.408 59.84 57.0700 8.2 2.764 0.904 59.33 0.1882
22.510 59.84 57.1100 7.4 2.732 0.763 59.47 0.1966
22.609 59.84 57.1300 7.0 2.710 0.701 59.52 0.1992
22.710 59.85 57.1600 6.7 2.689 0.648 59.57 0.2012
22.810 59.85 57.1700 7.0 2.682 0.694 59.52 0.1962
22.910 59.85 57.2000 6.2 2.651 0.572 59.64 0.2032
23.011 59.86 57.2400 5.4 2.619 0.438 59.77 0.2110
23.110 59.86 57.2500 5.7 2.611 0.487 59.72 0.2057
23.210 59.86 57.2700 5.7 2.594 0.471 59.73 0.2052
23.310 59.86 57.3100 4.7 2.558 0.320 59.88 0.2142
23.410 59.87 57.3300 4.3 2.533 0.249 59.94 0.2174
23.511 59.87 57.3600 4.1 2.513 0.214 59.98 0.2182
23.611 59.87 57.3700 4.3 2.502 0.249 59.94 0.2138
23.710 59.88 57.4000 3.8 2.474 0.160 60.02 0.2183
23.811 59.88 57.4300 3.1 2.443 0.049 60.13 0.2245
23.911 59.88 57.4700 2.3 2.407 -0.088 60.26 0.2324
24.010 59.88 57.4800 2.7 2.399 -0.025 60.20 0.2260
24.111 59.88 57.5100 2.3 2.372 -0.096 60.26 0.2292
24.209 59.89 57.5200 2.8 2.367 -0.016 60.18 0.2215
24.311 59.89 57.5600 1.9 2.331 -0.155 60.32 0.2297
24.409 59.89 57.5800 2.0 2.316 -0.141 60.30 0.2269
24.511 59.89 57.6000 2.0 2.297 -0.152 60.31 0.2259
24.610 59.90 57.6300 1.2 2.261 -0.286 60.44 0.2335
24.710 59.90 57.6500 1.4 2.248 -0.254 60.40 0.2293
24.810 59.90 57.6900 0.5 2.211 -0.397 60.54 0.2378
24.910 59.90 57.7000 1.0 2.203 -0.325 60.47 0.2308
25.010 59.90 57.7400 0.1 2.165 -0.473 60.61 0.2394
25.111 59.91 57.7700 0.0 2.141 -0.512 60.65 0.2404
25.209 59.91 57.7900 0.0 2.114 -0.568 60.70 0.2424
25.311 59.91 57.8200 0.0 2.088 -0.620 60.75 0.2442
25.409 59.91 57.8500 0.0 2.063 -0.663 60.79 0.2453
25.511 59.91 57.8500 0.0 2.059 -0.565 60.69 0.2363
25.610 59.91 57.9000 0.0 2.016 -0.740 60.86 0.2470
25.710 59.92 57.9300 0.0 1.988 -0.799 60.92 0.2493
25.810 59.92 57.9500 0.0 1.965 -0.826 60.94 0.2493
25.910 59.92 57.9800 0.0 1.937 -0.888 61.00 0.2517
26.011 59.92 57.9900 0.0 1.928 -0.812 60.93 0.2444
26.110 59.92 58.0400 0.0 1.887 -0.960 61.07 0.2530
26.210 59.92 58.0500 0.0 1.874 -0.915 61.02 0.2477
26.310 59.93 58.0900 0.0 1.836 -1.045 61.15 0.2552
26.410 59.93 58.1200 0.0 1.807 -1.107 61.21 0.2577
26.510 59.93 58.1400 0.0 1.790 -1.085 61.19 0.2540
26.611 59.93 58.1500 0.0 1.777 -1.037 61.14 0.2487
26.709 59.93 58.1700 0.0 1.757 -1.037 61.14 0.2469
26.811 59.93 58.2100 0.0 1.722 -1.147 61.24 0.2527
26.909 59.93 58.2400 0.0 1.691 -1.225 61.32 0.2562
27.011 59.94 58.2500 0.0 1.682 -1.144 61.24 0.2485
27.110 59.94 58.3000 0.0 1.638 -1.314 61.41 0.2588
27.210 59.94 58.3300 0.0 1.613 -1.344 61.43 0.2590
27.310 59.94 58.3400 0.0 1.598 -1.306 61.39 0.2543
27.410 59.94 58.3800 0.0 1.566 -1.387 61.47 0.2582
27.510 59.94 58.4100 0.0 1.536 -1.448 61.53 0.2605
27.611 59.94 58.4100 0.0 1.530 -1.346 61.43 0.2512
27.709 59.94 58.4500 0.0 1.498 -1.428 61.51 0.2552
27.811 59.95 58.4800 0.0 1.462 -1.536 61.61 0.2609
27.910 59.95 58.5100 0.0 1.437 -1.567 61.64 0.2612
28.010 59.95 58.5400 0.0 1.409 -1.611 61.69 0.2623
28.111 59.95 58.5700 0.0 1.376 -1.694 61.77 0.2664
28.209 59.95 58.6000 0.0 1.353 -1.706 61.78 0.2651
28.311 59.95 58.6300 0.0 1.324 -1.759 61.83 0.2671
28.409 59.95 58.6500 0.0 1.299 -1.784 61.85 0.2667
28.511 59.95 58.6800 0.0 1.275 -1.793 61.86 0.2654
28.610 59.95 58.7000 0.0 1.253 -1.801 61.87 0.2639
28.710 59.95 58.7200 0.0 1.238 -1.753 61.82 0.2586
28.810 59.96 58.7600 0.0 1.199 -1.878 61.94 0.2656
28.910 59.96 58.7600 0.0 1.192 -1.777 61.84 0.2564
29.010 59.96 58.8100 0.0 1.150 -1.922 61.98 0.2648
29.111 59.96 58.8200 0.0 1.141 -1.835 61.90 0.2565
29.209 59.96 58.8600 0.0 1.100 -1.975 62.03 0.2646
29.311 59.96 58.8800 0.0 1.075 -1.997 62.06 0.2643
29.409 59.96 58.9100 0.0 1.052 -2.008 62.06 0.2630
29.511 59.96 58.9300 0.0 1.028 -2.027 62.08 0.2624
29.610 59.96 58.9500 0.0 1.012 -1.987 62.04 0.2576
29.710 59.96 58.9900 0.0 0.970 -2.132 62.19 0.2661
29.811 59.96 59.0100 0.0 0.950 -2.123 62.17 0.2633
29.910 59.96 59.0400 0.0 0.921 -2.168 62.22 0.2648
30.011 59.97 59.0700 0.0 0.897 -2.186 62.24 0.2640
30.110 59.97 59.1000 0.0 0.869 -2.229 62.28 0.2651
30.210 59.97 59.1100 0.0 0.852 -2.194 62.24 0.2607
30.311 59.97 59.1200 0.0 0.843 -2.106 62.15 0.2525
30.410 59.97 59.1600 0.0 0.805 -2.230 62.28 0.2594
30.511 59.97 59.1900 0.0 0.776 -2.279 62.32 0.2610
30.611 59.97 59.2200 0.0 0.752 -2.293 62.34 0.2601
30.710 59.97 59.2500 0.0 0.717 -2.390 62.43 0.2650
30.811 59.97 59.2700 0.0 0.702 -2.344 62.39 0.2598
30.910 59.97 59.3000 0.0 0.670 -2.416 62.46 0.2630
31.011 59.97 59.3200 0.0 0.653 -2.379 62.42 0.2584
31.110 59.97 59.3600 0.0 0.614 -2.501 62.54 0.2653
31.210 59.97 59.3900 0.0 0.584 -2.556 62.60 0.2674
31.311 59.97 59.4000 0.0 0.570 -2.501 62.54 0.2614
31.410 59.97 59.4300 0.0 0.547 -2.508 62.55 0.2599
31.511 59.97 59.4500 0.0 0.523 -2.524 62.56 0.2592
31.611 59.97 59.4500 0.0 0.522 -2.380 62.42 0.2470
31.711 59.98 59.5000 0.0 0.476 -2.559 62.59 0.2580
31.811 59.98 59.5200 0.0 0.453 -2.566 62.60 0.2567
31.910 59.98 59.5500 0.0 0.426 -2.609 62.64 0.2578
32.010 59.98 59.5600 0.0 0.417 -2.520 62.56 0.2496
32.111 59.98 59.5900 0.0 0.382 -2.618 62.65 0.2547
32.209 59.98 59.6200 0.0 0.358 -2.644 62.68 0.2546
32.311 59.98 59.6500 0.0 0.333 -2.670 62.70 0.2546
32.409 59.98 59.6600 0.0 0.323 -2.587 62.62 0.2470
32.511 59.98 59.6800 0.0 0.296 -2.634 62.66 0.2484
32.610 59.98 59.7200 0.0 0.257 -2.755 62.79 0.2553
32.710 59.98 59.7400 0.0 0.242 -2.717 62.75 0.2506
32.811 59.98 59.7600 0.0 0.217 -2.739 62.77 0.2504
32.910 59.98 59.7700 0.0 0.209 -2.651 62.68 0.2422
33.011 59.98 59.8100 0.0 0.174 -2.754 62.78 0.2479
33.111 59.98 59.8300 0.0 0.147 -2.794 62.82 0.2490
33.210 59.98 59.8500 0.0 0.132 -2.760 62.79 0.2447
33.311 59.98 59.8600 0.0 0.117 -2.717 62.74 0.2399
33.410 59.98 59.8800 0.0 0.100 -2.699 62.72 0.2368
33.511 59.98 59.9100 0.0 0.072 -2.754 62.78 0.2391
33.610 59.98 59.9300 0.0 0.058 -2.713 62.74 0.2343
33.710 59.98 59.9600 0.0 0.019 -2.850 62.87 0.2423
33.810 59.98 59.9900 0.0 -0.006 -2.878 62.90 0.2426
33.910 59.98 60.0100 0.0 -0.024 -2.863 62.89 0.2398
34.010 59.98 60.0400 0.0 -0.058 -2.958 62.98 0.2449
34.111 59.98 60.0600 0.0 -0.077 -2.949 62.97 0.2424
34.209 59.98 60.0800 0.0 -0.090 -2.895 62.92 0.2368
34.311 59.99 60.0900 0.0 -0.108 -2.884 62.91 0.2343
34.409 59.99 60.1300 0.0 -0.140 -2.966 62.99 0.2386
34.511 59.99 60.1500 0.0 -0.166 -3.010 63.03 0.2398
34.610 59.99 60.1600 0.0 -0.174 -2.920 62.94 0.2317
34.710 59.99 60.1800 0.0 -0.189 -2.889 62.91 0.2279
34.811 59.99 60.2000 0.0 -0.211 -2.913 62.93 0.2278
34.910 59.99 60.2300 0.0 -0.244 -3.010 63.03 0.2331
35.011 59.99 60.2400 0.0 -0.254 -2.938 62.96 0.2263
35.111 59.99 60.2700 0.0 -0.284 -3.020 63.04 0.2305
35.210 59.99 60.2800 0.0 -0.294 -2.947 62.96 0.2236
35.310 59.99 60.3000 0.0 -0.312 -2.946 62.96 0.2219
35.410 59.99 60.3400 0.0 -0.349 -3.075 63.09 0.2295
35.510 59.99 60.3600 0.0 -0.367 -3.064 63.08 0.2272
35.611 59.99 60.3700 0.0 -0.381 -3.021 63.04 0.2225
35.710 59.99 60.3800 0.0 -0.391 -2.963 62.98 0.2166
35.810 59.99 60.4100 0.0 -0.425 -3.075 63.09 0.2231
35.910 59.99 60.4300 0.0 -0.440 -3.049 63.06 0.2196
36.010 59.99 60.4500 0.0 -0.465 -3.094 63.11 0.2211
36.111 59.99 60.4600 0.0 -0.474 -3.022 63.04 0.2145
36.209 59.99 60.5000 0.0 -0.509 -3.145 63.16 0.2217
36.311 59.99 60.5200 0.0 -0.526 -3.130 63.14 0.2190
36.409 59.99 60.5400 0.0 -0.545 -3.134 63.15 0.2178
36.511 59.99 60.5400 0.0 -0.554 -3.064 63.08 0.2111
36.610 59.99 60.5700 0.0 -0.581 -3.131 63.14 0.2144
36.710 59.99 60.6000 0.0 -0.608 -3.191 63.20 0.2171
36.810 59.99 60.6200 0.0 -0.634 -3.243 63.26 0.2193
36.910 59.99 60.6300 0.0 -0.634 -3.114 63.13 0.2085
37.010 59.99 60.6700 0.0 -0.674 -3.275 63.29 0.2185
37.111 59.99 60.6800 0.0 -0.688 -3.239 63.25 0.2145
37.209 59.99 60.6900 0.0 -0.695 -3.165 63.18 0.2075
37.311 59.99 60.7200 0.0 -0.727 -3.266 63.28 0.2132
37.409 59.99 60.7400 0.0 -0.749 -3.288 63.30 0.2132
37.511 59.99 60.7600 0.0 -0.763 -3.264 63.28 0.2100
37.610 59.99 60.7800 0.0 -0.788 -3.316 63.33 0.2121
37.710 59.99 60.8000 0.0 -0.803 -3.292 63.30 0.2089
37.810 59.99 60.8100 0.0 -0.818 -3.269 63.28 0.2059
37.910 59.99 60.8200 0.0 -0.823 -3.189 63.20 0.1985
38.011 59.99 60.8500 0.0 -0.860 -3.324 63.33 0.2068
38.111 59.99 60.8700 0.0 -0.873 -3.298 63.31 0.2034
38.210 59.99 60.8900 0.0 -0.895 -3.328 63.34 0.2040
38.311 59.99 60.9100 0.0 -0.915 -3.346 63.35 0.2038
38.410 59.99 60.9200 0.0 -0.931 -3.337 63.35 0.2018
38.511 59.99 60.9400 0.0 -0.947 -3.331 63.34 0.1999
38.611 59.99 60.9500 0.0 -0.961 -3.306 63.31 0.1966
38.709 59.99 60.9800 0.0 -0.987 -3.371 63.38 0.1999
38.811 59.99 61.0000 0.0 -1.003 -3.365 63.37 0.1981
38.909 59.99 61.0100 0.0 -1.019 -3.364 63.37 0.1965
39.011 59.99 61.0200 0.0 -1.024 -3.279 63.29 0.1891
39.110 59.99 61.0400 0.0 -1.041 -3.282 63.29 0.1880
39.210 59.99 61.0500 0.0 -1.059 -3.299 63.31 0.1879
39.310 59.99 61.0900 0.0 -1.092 -3.417 63.43 0.1950
39.410 59.99 61.1000 0.0 -1.104 -3.389 63.40 0.1914
39.511 59.99 61.1200 0.0 -1.121 -3.394 63.40 0.1904
39.610 59.99 61.1200 0.0 -1.125 -3.307 63.31 0.1828
39.710 60.00 61.1500 0.0 -1.160 -3.439 63.45 0.1909
39.810 60.00 61.1600 0.0 -1.163 -3.347 63.35 0.1830
39.910 60.00 61.1900 0.0 -1.193 -3.450 63.46 0.1891
40.010 60.00 61.2100 0.0 -1.213 -3.479 63.49 0.1898
40.111 60.00 61.2100 0.0 -1.210 -3.347 63.35 0.1789
40.209 60.00 61.2400 0.0 -1.249 -3.506 63.51 0.1891
40.311 60.00 61.2600 0.0 -1.262 -3.492 63.50 0.1867
40.409 60.00 61.2800 0.0 -1.280 -3.501 63.51 0.1860
40.511 60.00 61.2900 0.0 -1.292 -3.478 63.48 0.1829
40.610 60.00 61.3000 0.0 -1.309 -3.487 63.49 0.1823
40.710 60.00 61.3200 0.0 -1.321 -3.459 63.46 0.1790
40.810 60.00 61.3400 0.0 -1.340 -3.487 63.49 0.1797
40.910 60.00 61.3400 0.0 -1.339 -3.375 63.38 0.1705
41.011 60.00 61.3500 0.0 -1.350 -3.350 63.35 0.1673
41.111 60.00 61.3800 0.0 -1.388 -3.517 63.52 0.1782
41.210 60.00 61.4000 0.0 -1.399 -3.485 63.49 0.1746
41.311 60.00 61.4100 0.0 -1.414 -3.487 63.49 0.1736
41.409 60.00 61.4200 0.0 -1.427 -3.477 63.48 0.1715
41.511 60.00 61.4400 0.0 -1.443 -3.487 63.49 0.1709
41.610 60.00 61.4500 0.0 -1.453 -3.450 63.45 0.1670
41.710 60.00 61.4700 0.0 -1.473 -3.490 63.49 0.1687
41.811 60.00 61.4800 0.0 -1.483 -3.460 63.46 0.1654
41.910 60.00 61.5000 0.0 -1.500 -3.484 63.49 0.1659
42.011 60.00 61.5000 0.0 -1.499 -3.373 63.38 0.1568
42.111 60.00 61.5200 0.0 -1.527 -3.478 63.48 0.1632
42.210 60.00 61.5300 0.0 -1.536 -3.442 63.45 0.1594
42.311 60.00 61.5300 0.0 -1.534 -3.333 63.34 0.1506
42.410 60.00 61.5600 0.0 -1.566 -3.466 63.47 0.1589
42.511 60.00 61.5700 0.0 -1.569 -3.391 63.40 0.1525
42.611 60.00 61.5900 0.0 -1.595 -3.486 63.49 0.1582
42.710 60.00 61.6000 0.0 -1.600 -3.427 63.43 0.1528
42.810 60.00 61.6000 0.0 -1.605 -3.372 63.38 0.1478
42.909 60.00 61.6300 0.0 -1.632 -3.470 63.47 0.1538
43.009 60.00 61.6500 0.0 -1.648 -3.494 63.50 0.1544
43.110 60.00 61.6500 0.0 -1.657 -3.464 63.47 0.1511
43.208 60.00 61.6800 0.0 -1.680 -3.534 63.54 0.1551
43.310 60.00 61.6700 0.0 -1.677 -3.419 63.42 0.1458
43.409 60.00 61.7000 0.0 -1.706 -3.539 63.54 0.1531
43.509 60.00 61.7200 0.0 -1.723 -3.563 63.57 0.1538
43.610 60.00 61.7100 0.0 -1.707 -3.361 63.36 0.1383
43.708 60.00 61.7400 0.0 -1.743 -3.526 63.53 0.1492
43.810 60.00 61.7500 0.0 -1.756 -3.531 63.53 0.1483
43.908 60.00 61.7700 0.0 -1.769 -3.530 63.53 0.1472
44.010 60.00 61.7800 0.0 -1.779 -3.517 63.52 0.1452
44.109 60.00 61.7900 0.0 -1.792 -3.523 63.53 0.1446
44.209 60.00 61.7900 0.0 -1.796 -3.463 63.47 0.1393
44.309 60.00 61.8000 0.0 -1.800 -3.404 63.41 0.1340
44.409 60.00 61.8100 0.0 -1.810 -3.394 63.40 0.1325
44.510 60.00 61.8300 0.0 -1.836 -3.497 63.50 0.1389
44.610 60.00 61.8300 0.0 -1.831 -3.381 63.38 0.1296
44.709 60.00 61.8500 0.0 -1.854 -3.465 63.47 0.1346
44.810 60.00 61.8500 0.0 -1.856 -3.395 63.40 0.1286
44.908 60.00 61.8800 0.0 -1.879 -3.478 63.48 0.1337
45.010 60.00 61.8800 0.0 -1.884 -3.441 63.44 0.1299
45.109 60.00 61.9000 0.0 -1.902 -3.488 63.49 0.1325
45.209 60.00 61.9100 0.0 -1.914 -3.489 63.49 0.1315
45.310 60.00 61.9300 0.0 -1.929 -3.515 63.52 0.1325
45.409 60.00 61.9200 0.0 -1.920 -3.373 63.37 0.1213
45.510 60.00 61.9500 0.0 -1.947 -3.488 63.49 0.1288
45.610 60.00 61.9500 0.0 -1.956 -3.478 63.48 0.1271
45.709 60.00 61.9600 0.0 -1.964 -3.456 63.46 0.1247
45.810 60.00 61.9700 0.0 -1.974 -3.450 63.45 0.1233
45.909 60.00 61.9700 0.0 -1.973 -3.369 63.37 0.1165
46.010 60.00 62.0000 0.0 -2.000 -3.490 63.49 0.1245
46.110 60.00 62.0000 0.0 -2.005 -3.449 63.45 0.1206
46.209 60.00 62.0200 0.0 -2.020 -3.484 63.49 0.1224
46.310 60.00 62.0300 0.0 -2.033 -3.502 63.50 0.1226
46.408 60.00 62.0200 0.0 -2.024 -3.365 63.37 0.1121
46.510 60.00 62.0500 0.0 -2.049 -3.476 63.48 0.1191
46.609 60.00 62.0600 0.0 -2.058 -3.469 63.47 0.1177
46.709 60.00 62.0500 0.0 -2.055 -3.375 63.38 0.1102
46.809 60.00 62.0800 0.0 -2.079 -3.479 63.48 0.1168
46.909 60.00 62.0700 0.0 -2.071 -3.351 63.35 0.1068
47.009 60.00 62.1000 0.0 -2.097 -3.466 63.47 0.1143
47.110 60.00 62.1000 0.0 -2.103 -3.439 63.44 0.1115
47.208 60.00 62.1100 0.0 -2.113 -3.445 63.45 0.1112
47.310 60.00 62.1200 0.0 -2.122 -3.439 63.44 0.1100
47.409 60.00 62.1300 0.0 -2.128 -3.420 63.42 0.1079
47.509 60.00 62.1500 0.0 -2.149 -3.497 63.50 0.1125
47.610 60.00 62.1600 0.0 -2.162 -3.523 63.52 0.1136
47.708 60.00 62.1700 0.0 -2.170 -3.510 63.51 0.1119
47.810 60.00 62.1700 0.0 -2.169 -3.440 63.44 0.1061
0.108 62.33 62.3300 0.0 -0.006 -0.105 62.34 0.0003
0.210 62.33 62.3200 0.0 0.008 -0.126 62.31 -0.0005
0.310 62.33 62.3600 0.0 -0.031 -0.233 62.37 0.0014
0.409 62.32 62.3600 0.0 -0.033 -0.281 62.37 0.0013
0.509 62.32 62.3700 0.0 -0.047 -0.344 62.39 0.0019
0.608 62.32 62.3800 0.0 -0.058 -0.403 62.40 0.0023
0.710 62.32 62.3900 0.0 -0.071 -0.464 62.42 0.0028
0.810 62.31 62.3900 0.0 -0.081 -0.517 62.43 0.0031
0.909 62.31 62.3800 0.0 -0.070 -0.538 62.41 0.0024
1.009 62.31 62.4100 0.0 -0.103 -0.628 62.45 0.0038
1.109 62.30 62.4200 0.0 -0.114 -0.682 62.47 0.0042
1.209 62.30 62.4200 0.0 -0.125 -0.732 62.47 0.0044
1.310 62.29 62.4300 0.0 -0.136 -0.784 62.48 0.0047
1.408 62.29 62.4200 0.0 -0.138 -0.820 62.48 0.0046
1.510 62.28 62.4400 0.0 -0.163 -0.893 62.51 0.0055
1.608 62.27 62.4400 0.0 -0.167 -0.930 62.51 0.0054
1.710 62.27 62.4600 0.0 -0.192 -1.000 62.54 0.0063
1.809 62.26 62.4700 0.0 -0.206 -1.051 62.55 0.0067
1.909 62.26 62.4800 0.0 -0.224 -1.107 62.57 0.0072
2.009 62.25 62.4900 0.0 -0.242 -1.165 62.58 0.0077
2.109 62.24 62.4800 0.0 -0.237 -1.183 62.56 0.0070
2.209 62.23 62.5000 0.0 -0.270 -1.261 62.60 0.0083
2.310 62.23 62.5000 0.0 -0.272 -1.291 62.59 0.0080
2.409 62.22 62.5200 0.0 -0.301 -1.360 62.63 0.0090
2.510 62.21 62.5200 0.0 -0.308 -1.396 62.63 0.0089
2.608 62.20 62.5200 0.0 -0.315 -1.429 62.62 0.0088
2.710 62.19 62.5200 0.0 -0.329 -1.474 62.63 0.0090
2.809 62.18 62.5400 0.0 -0.356 -1.537 62.66 0.0098
2.909 62.18 62.5400 0.0 -0.362 -1.569 62.65 0.0097
3.009 62.17 62.5600 0.0 -0.391 -1.634 62.68 0.0106
3.109 62.16 62.5700 0.0 -0.413 -1.689 62.70 0.0112
3.210 62.15 62.5600 0.0 -0.418 -1.718 62.70 0.0109
3.310 62.14 62.5700 0.0 -0.429 -1.753 62.70 0.0109
3.409 62.13 62.5900 0.0 -0.463 -1.823 62.73 0.0120
3.510 62.12 62.5800 0.0 -0.462 -1.839 62.72 0.0114
3.609 62.11 62.5800 0.0 -0.479 -1.884 62.72 0.0117
3.710 62.09 62.6100 0.0 -0.515 -1.956 62.76 0.0129
3.810 62.08 62.6200 0.0 -0.537 -2.005 62.78 0.0133
3.909 62.07 62.6000 0.0 -0.528 -2.005 62.75 0.0123
4.010 62.06 62.6200 0.0 -0.563 -2.077 62.79 0.0134
4.109 62.05 62.6300 0.0 -0.581 -2.117 62.79 0.0136
4.210 62.04 62.6400 0.0 -0.602 -2.163 62.81 0.0141
4.310 62.03 62.6400 0.0 -0.610 -2.189 62.80 0.0138
4.409 62.01 62.6500 0.0 -0.636 -2.243 62.82 0.0145
4.510 62.00 62.6600 0.0 -0.661 -2.293 62.84 0.0150
4.608 61.99 62.6500 0.0 -0.660 -2.303 62.82 0.0143
4.710 61.98 62.6800 0.0 -0.698 -2.373 62.86 0.0155
4.809 61.97 62.6800 0.0 -0.714 -2.407 62.87 0.0156
4.909 61.95 62.6700 0.0 -0.719 -2.426 62.85 0.0151
5.009 61.94 62.6800 0.0 -0.737 -2.463 62.86 0.0153
5.109 61.93 62.7100 0.0 -0.780 -2.540 62.91 0.0167
5.209 61.91 62.7000 0.0 -0.788 -2.561 62.90 0.0164
5.310 61.90 62.7100 0.0 -0.812 -2.609 62.92 0.0168
5.408 61.89 62.7200 0.0 -0.836 -2.654 62.93 0.0172
5.510 61.87 62.7100 0.0 -0.836 -2.660 62.91 0.0165
5.608 61.86 62.7300 0.0 -0.873 -2.726 62.94 0.0176
5.710 61.85 62.7400 0.0 -0.897 -2.768 62.96 0.0180
5.810 61.83 62.7500 0.0 -0.915 -2.802 62.96 0.0181
5.909 61.82 62.7400 0.0 -0.922 -2.819 62.95 0.0177
6.010 61.80 62.7400 0.0 -0.935 -2.845 62.95 0.0175
6.109 61.79 62.7600 0.0 -0.974 -2.912 62.99 0.0187
6.210 61.78 62.7500 0.0 -0.978 -2.923 62.97 0.0181
6.310 61.76 62.7700 0.0 -1.011 -2.978 63.00 0.0189
6.409 61.75 62.7700 0.0 -1.024 -3.002 62.99 0.0187
6.509 61.73 62.7900 0.0 -1.058 -3.061 63.02 0.0196
6.609 61.72 62.7800 0.0 -1.065 -3.074 63.01 0.0191
6.709 61.70 62.8000 0.0 -1.097 -3.128 63.04 0.0199
6.810 61.69 62.8000 0.0 -1.112 -3.154 63.04 0.0198
6.908 61.67 62.8200 0.0 -1.144 -3.207 63.06 0.0205
7.010 61.66 62.8200 0.0 -1.159 -3.232 63.06 0.0204
7.108 61.64 62.8100 0.0 -1.172 -3.253 63.06 0.0202
7.210 61.63 62.8200 0.0 -1.192 -3.286 63.06 0.0203
7.309 61.61 62.8200 0.0 -1.213 -3.321 63.07 0.0205
7.409 61.59 62.8400 0.0 -1.246 -3.374 63.10 0.0212
7.509 61.58 62.8300 0.0 -1.249 -3.380 63.07 0.0205
7.609 61.56 62.8500 0.0 -1.287 -3.437 63.11 0.0215
7.709 61.55 62.8500 0.0 -1.303 -3.463 63.11 0.0214
7.810 61.53 62.8500 0.0 -1.318 -3.487 63.10 0.0213
7.908 61.52 62.8700 0.0 -1.353 -3.541 63.13 0.0221
8.010 61.50 62.8600 0.0 -1.359 -3.550 63.12 0.0215
8.108 61.48 62.8600 0.0 -1.373 -3.570 63.11 0.0213
8.210 61.47 62.8800 0.0 -1.409 -3.625 63.14 0.0221
8.310 61.45 62.8800 0.0 -1.434 -3.665 63.15 0.0225
8.409 61.43 62.8900 0.0 -1.454 -3.695 63.16 0.0225
8.510 61.42 62.8700 0.0 -1.457 -3.696 63.14 0.0218
8.608 61.40 62.9000 0.0 -1.497 -3.756 63.17 0.0228
8.710 61.38 62.8900 0.0 -1.504 -3.765 63.15 0.0222
8.809 61.37 62.9000 0.0 -1.533 -3.807 63.17 0.0227
8.909 61.35 62.9000 0.0 -1.553 -3.836 63.18 0.0228
9.009 61.33 62.8900 0.0 -1.561 -3.846 63.16 0.0222
9.109 61.32 62.9200 0.0 -1.601 -3.906 63.20 0.0232
9.209 61.30 62.9200 0.0 -1.621 -3.934 63.20 0.0233
9.310 61.28 62.9300 0.0 -1.644 -3.967 63.21 0.0235
9.408 61.27 62.9300 0.0 -1.662 -3.991 63.21 0.0234
9.510 61.25 62.9400 0.0 -1.695 -4.039 63.23 0.0241
9.608 61.23 62.9200 0.0 -1.692 -4.029 63.20 0.0230
9.710 61.21 62.9400 0.0 -1.724 -4.076 63.22 0.0236
9.809 61.20 62.9500 0.0 -1.749 -4.111 63.23 0.0238
9.909 61.18 62.9300 0.0 -1.753 -4.112 63.21 0.0231
10.009 61.16 62.9400 0.0 -1.774 -4.139 63.21 0.0231
10.109 61.14 62.9600 0.0 -1.812 -4.195 63.25 0.0240
10.210 61.13 62.9600 0.0 -1.829 -4.215 63.24 0.0239
10.310 61.11 62.9500 0.0 -1.836 -4.221 63.22 0.0232
10.408 61.09 62.9500 0.0 -1.857 -4.248 63.23 0.0233
10.510 61.07 62.9800 0.0 -1.901 -4.314 63.27 0.0245
10.609 61.06 62.9700 0.0 -1.915 -4.329 63.26 0.0242
10.710 61.04 62.9700 0.0 -1.934 -4.353 63.26 0.0242
