# time_s  setpoint_c  celsius  duty_pct  err_real  err_pred  predicted_c  rate_c_s
2.310 37.23 37.6700 0.0 -0.447 -1.479 nan nan
2.409 37.23 37.6900 0.0 -0.455 -1.462 nan nan
2.510 37.24 37.7200 0.0 -0.472 -1.499 nan nan
2.609 37.25 37.7500 0.0 -0.495 -1.585 nan nan
2.709 37.26 37.7600 0.0 -0.495 -1.503 nan nan
2.810 37.27 37.7800 0.0 -0.510 -1.530 nan nan
2.908 37.28 37.8000 0.0 -0.527 -1.571 nan nan
3.010 37.29 37.8200 0.0 -0.532 -1.533 nan nan
3.110 37.30 37.8400 0.0 -0.542 -1.526 nan nan
3.208 37.31 37.8600 0.0 -0.554 -1.539 nan nan
3.310 37.32 37.8800 0.0 -0.563 -1.530 nan nan
3.409 37.33 37.9000 0.0 -0.576 -1.547 nan nan
3.509 37.34 37.9300 0.0 -0.590 -1.574 nan nan
3.610 37.35 37.9400 0.0 -0.596 -1.543 nan nan
3.709 37.36 37.9700 0.0 -0.608 -1.558 nan nan
3.810 37.37 37.9800 0.0 -0.615 -1.544 nan nan
3.909 37.38 38.0100 0.0 -0.625 -1.544 nan nan
4.009 37.39 38.0200 0.0 -0.629 -1.507 nan nan
4.110 37.40 38.0300 0.0 -0.628 -1.433 nan nan
4.208 37.41 38.0600 0.0 -0.648 -1.514 nan nan
4.309 37.43 38.0800 0.0 -0.653 -1.489 nan nan
4.409 37.44 38.0900 0.0 -0.654 -1.433 nan nan
4.510 37.45 38.1100 0.0 -0.659 -1.412 nan nan
4.609 37.46 38.1400 0.0 -0.678 -1.490 nan nan
4.709 37.48 38.1600 0.0 -0.682 -1.460 nan nan
4.810 37.49 38.1800 0.0 -0.690 -1.460 nan nan
4.908 37.50 38.2000 0.0 -0.699 -1.467 nan nan
5.010 37.51 38.2200 0.0 -0.703 -1.442 nan nan
5.110 37.53 38.2300 0.0 -0.700 -1.366 nan nan
5.208 37.54 38.2500 0.0 -0.709 -1.379 nan nan
5.310 37.55 38.2700 0.0 -0.714 -1.362 nan nan
5.409 37.57 38.2900 0.0 -0.727 -1.403 nan nan
5.509 37.58 38.3100 0.0 -0.727 -1.357 nan nan
5.610 37.59 38.3200 0.0 -0.730 -1.331 nan nan
5.708 37.61 38.3400 0.0 -0.737 -1.341 nan nan
5.810 37.62 38.3600 0.0 -0.735 -1.279 nan nan
5.909 37.64 38.3800 0.0 -0.741 -1.282 nan nan
6.009 37.65 38.3900 0.0 -0.739 -1.225 nan nan
6.110 37.66 38.4100 0.0 -0.744 -1.222 nan nan
6.209 37.68 38.4300 0.0 -0.747 -1.210 nan nan
6.310 37.69 38.4600 0.0 -0.763 -1.282 nan nan
6.409 37.71 38.4800 0.0 -0.770 -1.298 nan nan
6.509 37.72 38.4800 0.0 -0.760 -1.185 nan nan
6.610 37.74 38.5000 0.0 -0.765 -1.184 nan nan
6.709 37.75 38.5200 0.0 -0.768 -1.178 nan nan
6.809 37.77 38.5300 0.0 -0.762 -1.104 nan nan
6.909 37.78 38.5500 0.0 -0.765 -1.094 nan nan
7.009 37.80 38.5800 0.0 -0.779 -1.163 nan nan
7.110 37.81 38.5800 0.0 -0.773 -1.091 nan nan
7.209 37.83 38.6100 0.0 -0.779 -1.106 nan nan
7.309 37.84 38.6200 0.0 -0.776 -1.062 nan nan
7.409 37.86 38.6300 0.0 -0.775 -1.028 nan nan
7.509 37.87 38.6500 0.0 -0.777 -1.019 nan nan
7.610 37.89 38.6600 0.0 -0.772 -0.966 nan nan
7.709 37.91 38.6900 0.0 -0.784 -1.024 nan nan
7.810 37.92 38.7000 0.0 -0.779 -0.968 nan nan
7.909 37.94 38.7100 0.0 -0.770 -0.890 nan nan
8.009 37.95 38.7300 0.0 -0.776 -0.917 nan nan
8.110 37.97 38.7500 0.0 -0.776 -0.899 nan nan
8.209 37.99 38.7500 0.0 -0.768 -0.830 nan nan
8.309 38.00 38.7700 0.0 -0.771 -0.842 nan nan
8.409 38.02 38.7800 0.0 -0.764 -0.779 nan nan
8.510 38.04 38.8000 0.0 -0.769 -0.803 nan nan
8.610 38.05 38.8200 0.0 -0.766 -0.776 nan nan
8.708 38.07 38.8400 0.0 -0.766 -0.766 nan nan
8.810 38.09 38.8500 0.0 -0.769 -0.774 nan nan
8.908 38.10 38.8700 0.0 -0.767 -0.758 nan nan
9.010 38.12 38.8800 0.0 -0.763 -0.725 nan nan
9.110 38.14 38.8900 0.0 -0.753 -0.643 nan nan
9.208 38.15 38.9100 0.0 -0.757 -0.672 nan nan
9.310 38.17 38.9300 0.0 -0.757 -0.667 nan nan
9.409 38.19 38.9400 0.0 -0.749 -0.613 nan nan
9.509 38.20 38.9500 0.0 -0.749 -0.616 nan nan
9.610 38.22 38.9600 0.0 -0.743 -0.571 nan nan
9.709 38.24 38.9800 0.0 -0.738 -0.537 nan nan
9.810 38.26 39.0000 0.0 -0.740 -0.553 nan nan
9.909 38.27 39.0100 0.0 -0.739 -0.551 nan nan
10.009 38.29 39.0300 0.0 -0.740 -0.565 nan nan
10.110 38.31 39.0500 0.0 -0.738 -0.547 nan nan
10.209 38.33 39.0600 0.0 -0.731 -0.507 nan nan
10.309 38.34 39.0700 0.0 -0.725 -0.468 nan nan
10.409 38.36 39.0800 0.0 -0.722 -0.455 nan nan
10.509 38.38 39.1000 0.0 -0.718 -0.434 nan nan
10.610 38.40 39.1100 0.0 -0.714 -0.412 nan nan
10.709 38.41 39.1300 0.0 -0.713 -0.416 nan nan
10.809 38.43 39.1300 0.0 -0.703 -0.356 nan nan
10.909 38.45 39.1600 0.0 -0.710 -0.420 nan nan
11.009 38.47 39.1700 0.0 -0.707 -0.407 nan nan
11.110 38.49 39.1800 0.0 -0.693 -0.322 nan nan
11.209 38.50 39.2000 0.0 -0.692 -0.327 nan nan
11.309 38.52 39.2100 0.0 -0.688 -0.312 nan nan
11.409 38.54 39.2200 0.0 -0.683 -0.293 nan nan
11.509 38.56 39.2400 0.0 -0.678 -0.274 nan nan
11.610 38.58 39.2600 0.0 -0.683 -0.321 nan nan
11.709 38.59 39.2600 0.0 -0.666 -0.221 nan nan
11.809 38.61 39.2800 0.0 -0.665 -0.228 nan nan
11.909 38.63 39.2900 0.0 -0.660 -0.210 nan nan
12.009 38.65 39.3000 0.0 -0.648 -0.149 nan nan
12.110 38.67 39.3200 0.0 -0.652 -0.194 nan nan
12.209 38.69 39.3200 0.0 -0.637 -0.106 nan nan
12.309 38.70 39.3400 0.0 -0.633 -0.102 nan nan
12.409 38.72 39.3500 0.0 -0.629 -0.100 nan nan
12.510 38.74 39.3600 0.0 -0.621 -0.068 nan nan
12.610 38.76 39.3700 0.0 -0.615 -0.048 nan nan
12.708 38.78 39.3900 0.0 -0.614 -0.064 nan nan
12.810 38.80 39.4000 0.0 -0.608 -0.044 nan nan
12.908 38.81 39.4200 0.0 -0.605 -0.051 nan nan
13.010 38.83 39.4300 0.0 -0.598 -0.026 nan nan
13.110 38.85 39.4400 0.0 -0.591 -0.004 nan nan
13.208 38.87 39.4500 0.3 -0.579 0.055 nan nan
13.310 38.89 39.4700 0.0 -0.582 0.003 nan nan
13.409 38.91 39.4700 0.6 -0.565 0.102 nan nan
13.509 38.93 39.4800 1.1 -0.549 0.179 nan nan
13.610 38.95 39.4800 1.4 -0.537 0.227 nan nan
13.708 38.96 39.5400 0.0 -0.577 -0.083 nan nan
13.810 38.98 39.5300 0.4 -0.552 0.071 nan nan
13.909 39.00 39.5500 0.4 -0.549 0.064 nan nan
14.009 39.02 39.5500 0.8 -0.534 0.138 nan nan
14.110 39.04 39.5700 0.8 -0.531 0.126 nan nan
14.208 39.06 39.5800 0.8 -0.525 0.138 nan nan
14.309 39.08 39.6000 0.6 -0.526 0.102 nan nan
14.409 39.10 39.6100 0.9 -0.515 0.153 nan nan
14.509 39.11 39.6200 1.2 -0.503 0.201 nan nan
14.610 39.13 39.6300 1.2 -0.498 0.207 nan nan
14.709 39.15 39.6500 1.2 -0.495 0.197 nan nan
14.809 39.17 39.6600 1.1 -0.491 0.188 nan nan
14.909 39.19 39.6700 1.4 -0.481 0.225 nan nan
15.009 39.21 39.6800 1.6 -0.470 0.267 nan nan
15.110 39.23 39.6900 1.6 -0.464 0.275 nan nan
15.209 39.25 39.7000 2.1 -0.450 0.344 nan nan
15.309 39.27 39.7100 2.3 -0.439 0.381 nan nan
15.409 39.29 39.7200 2.3 -0.434 0.380 nan nan
15.509 39.31 39.7300 2.4 -0.425 0.402 nan nan
15.610 39.32 39.7300 3.1 -0.404 0.509 nan nan
15.709 39.34 39.7300 3.4 -0.390 0.561 nan nan
15.810 39.36 39.7300 4.0 -0.370 0.659 nan nan
15.909 39.38 39.7500 3.6 -0.371 0.599 nan nan
16.009 39.40 39.7500 4.1 -0.353 0.678 nan nan
16.110 39.42 39.7800 3.8 -0.354 0.621 nan nan
16.209 39.44 39.7900 3.6 -0.351 0.596 nan nan
16.310 39.46 39.7900 4.2 -0.332 0.685 nan nan
16.409 39.48 39.8000 4.1 -0.326 0.678 nan nan
16.510 39.50 39.8100 4.5 -0.309 0.744 nan nan
16.609 39.52 39.8200 4.3 -0.307 0.709 nan nan
16.709 39.54 39.8300 4.7 -0.292 0.770 nan nan
16.810 39.56 39.8400 4.6 -0.286 0.760 nan nan
16.908 39.58 39.8400 5.2 -0.264 0.861 nan nan
17.010 39.59 39.8600 4.7 -0.268 0.775 nan nan
17.110 39.61 39.8800 4.6 -0.263 0.763 nan nan
17.208 39.63 39.8800 4.9 -0.249 0.811 nan nan
17.310 39.65 39.8900 5.2 -0.234 0.863 nan nan
17.409 39.67 39.9100 4.6 -0.241 0.765 nan nan
17.509 39.69 39.9100 5.4 -0.216 0.887 nan nan
17.610 39.71 39.9100 5.6 -0.203 0.924 nan nan
17.708 39.73 39.9200 5.8 -0.190 0.960 nan nan
17.810 39.75 39.9400 5.5 -0.191 0.898 nan nan
17.909 39.77 39.9500 5.7 -0.177 0.941 nan nan
18.009 39.79 39.9600 5.6 -0.172 0.925 nan nan
18.110 39.81 39.9700 5.7 -0.162 0.937 nan nan
18.208 39.83 39.9800 5.7 -0.155 0.935 nan nan
18.309 39.85 39.9800 6.2 -0.135 1.019 nan nan
18.409 39.87 39.9900 6.2 -0.127 1.022 nan nan
18.509 39.89 40.0000 6.2 -0.118 1.029 nan nan
18.610 39.91 40.0300 5.7 -0.123 0.933 nan nan
18.709 39.93 40.0200 6.4 -0.099 1.052 nan nan
18.809 39.95 40.0300 6.5 -0.089 1.067 nan nan
18.909 39.96 40.0500 6.5 -0.081 1.062 nan nan
19.009 39.98 40.0500 6.9 -0.062 1.141 nan nan
19.110 40.00 40.0600 7.0 -0.052 1.147 nan nan
19.209 40.02 40.0400 8.3 -0.012 1.369 nan nan
19.309 40.04 40.0800 6.8 -0.037 1.127 nan nan
19.409 40.06 40.1300 5.4 -0.063 0.887 nan nan
19.509 40.08 40.1000 7.1 -0.016 1.172 nan nan
19.610 40.10 40.1100 7.1 -0.008 1.169 nan nan
19.709 40.12 40.1100 7.5 0.011 1.241 nan nan
19.810 40.14 40.1200 7.5 0.018 1.234 nan nan
19.909 40.16 40.1300 7.5 0.026 1.229 nan nan
20.009 40.18 40.1400 7.9 0.045 1.303 nan nan
20.110 40.20 40.1500 7.6 0.046 1.248 nan nan
20.209 40.22 40.1500 8.1 0.065 1.322 nan nan
20.310 40.24 40.1700 8.0 0.074 1.319 nan nan
20.409 40.26 40.1700 8.2 0.086 1.344 nan nan
20.510 40.28 40.1800 8.3 0.097 1.360 nan nan
20.609 40.30 40.1900 8.4 0.108 1.377 nan nan
20.709 40.32 40.2000 8.3 0.116 1.370 nan nan
20.810 40.34 40.2100 8.5 0.129 1.400 nan nan
20.908 40.36 40.2200 8.3 0.133 1.364 nan nan
21.010 40.38 40.2200 8.9 0.155 1.455 nan nan
21.110 40.40 40.2400 8.8 0.161 1.434 nan nan
21.208 40.42 40.2400 9.2 0.179 1.498 nan nan
21.310 40.44 40.2600 8.4 0.172 1.382 nan nan
21.409 40.46 40.2700 8.8 0.190 1.449 nan nan
21.509 40.48 40.2700 9.1 0.204 1.486 nan nan
21.610 40.50 40.2800 9.3 0.218 1.519 nan nan
21.708 40.52 40.2900 9.2 0.224 1.497 nan nan
21.810 40.54 40.2900 9.5 0.241 1.553 nan nan
21.909 40.55 40.3100 9.4 0.248 1.534 nan nan
22.009 40.57 40.3200 9.4 0.258 1.543 nan nan
22.110 40.59 40.3200 9.7 0.272 1.578 nan nan
22.208 40.61 40.3300 9.9 0.288 1.623 nan nan
22.310 40.63 40.3400 9.6 0.291 1.573 nan nan
22.409 40.65 40.3600 9.5 0.296 1.546 nan nan
22.509 40.67 40.3600 9.9 0.314 1.612 nan nan
22.610 40.69 40.3700 9.8 0.321 1.600 nan nan
22.709 40.71 40.3800 9.8 0.331 1.606 nan nan
22.810 40.73 40.3800 10.2 0.350 1.673 nan nan
22.909 40.75 40.3900 10.2 0.358 1.666 nan nan
23.010 40.77 40.4000 10.5 0.375 1.716 nan nan
23.111 40.79 40.4100 10.7 0.387 1.737 nan nan
23.209 40.81 40.4200 10.6 0.396 1.733 nan nan
23.311 40.83 40.4200 10.8 0.409 1.758 nan nan
23.410 40.85 40.4800 8.9 0.375 1.454 nan nan
23.510 40.87 40.4500 10.8 0.426 1.755 nan nan
23.611 40.89 40.4400 11.6 0.454 1.887 nan nan
23.710 40.91 40.4700 10.8 0.446 1.757 nan nan
23.811 40.93 40.4700 11.0 0.459 1.785 nan nan
23.910 40.95 40.4700 11.6 0.483 1.887 nan nan
24.010 40.97 40.4800 11.4 0.490 1.863 nan nan
24.111 40.99 40.4900 11.6 0.504 1.894 nan nan
24.209 41.01 40.5000 11.5 0.510 1.867 nan nan
24.311 41.03 40.5100 11.7 0.525 1.904 nan nan
24.410 41.05 40.5100 12.1 0.543 1.962 nan nan
24.511 41.07 40.5200 11.9 0.550 1.940 nan nan
24.610 41.09 40.5300 11.9 0.560 1.941 nan nan
24.710 41.11 40.5500 11.6 0.562 1.883 nan nan
24.811 41.13 40.5300 13.0 0.604 2.113 nan nan
24.909 41.15 40.5600 11.9 0.588 1.927 nan nan
25.011 41.17 40.5600 12.2 0.606 1.987 nan nan
25.110 41.19 40.5700 12.4 0.620 2.018 nan nan
25.210 41.21 40.5800 12.2 0.624 1.977 nan nan
25.311 41.23 40.5900 12.3 0.636 1.989 nan nan
25.409 41.25 40.6000 12.4 0.648 2.005 nan nan
25.511 41.27 40.6200 12.0 0.648 1.940 nan nan
25.611 41.29 40.6300 12.2 0.662 1.973 nan nan
25.710 41.31 40.6400 11.9 0.666 1.934 nan nan
25.811 41.33 40.6500 12.2 0.682 1.984 nan nan
25.909 41.35 40.6700 11.7 0.679 1.896 nan nan
26.011 41.37 40.6700 12.1 0.697 1.962 nan nan
26.111 41.39 40.6800 12.2 0.708 1.977 nan nan
26.209 41.41 40.6800 12.6 0.726 2.038 nan nan
26.311 41.43 40.7000 12.2 0.726 1.972 nan nan
26.410 41.45 40.7200 11.8 0.725 1.908 nan nan
26.510 41.47 40.7200 12.3 0.746 1.990 nan nan
26.611 41.49 40.7300 12.5 0.759 2.024 nan nan
26.709 41.51 40.7300 12.8 0.773 2.059 nan nan
26.811 41.53 40.7400 13.1 0.791 2.118 nan nan
26.910 41.55 40.7400 13.4 0.806 2.162 nan nan
27.010 41.57 40.7700 12.8 0.802 2.062 nan nan
27.111 41.59 40.7600 13.3 0.823 2.149 nan nan
27.209 41.61 40.7700 13.4 0.835 2.166 nan nan
27.311 41.63 40.7800 13.4 0.843 2.154 nan nan
27.410 41.65 40.8000 13.3 0.850 2.136 nan nan
27.510 41.67 40.8000 13.5 0.863 2.169 nan nan
27.611 41.69 40.8100 13.6 0.876 2.189 nan nan
27.709 41.71 40.8200 13.6 0.885 2.191 nan nan
27.811 41.73 40.8300 13.8 0.900 2.227 nan nan
27.910 41.75 40.8400 13.7 0.905 2.196 nan nan
28.010 41.77 40.8500 13.8 0.918 2.225 nan nan
28.111 41.79 40.8600 13.8 0.928 2.226 nan nan
28.209 41.81 40.8600 14.1 0.943 2.268 nan nan
28.311 41.83 40.8800 14.0 0.950 2.250 nan nan
28.410 41.85 40.8900 13.8 0.954 2.218 nan nan
28.511 41.87 40.9000 14.1 0.969 2.258 nan nan
28.611 41.89 40.9100 14.1 0.979 2.263 nan nan
28.710 41.91 40.9100 14.4 0.994 2.305 nan nan
28.811 41.93 40.9200 14.4 1.004 2.306 nan nan
28.909 41.95 40.9500 13.6 0.994 2.174 nan nan
29.011 41.97 40.9500 14.2 1.018 2.281 nan nan
29.110 41.99 40.9500 14.5 1.033 2.328 nan nan
29.209 42.01 40.9500 15.2 1.058 2.438 nan nan
29.311 42.03 40.9700 14.9 1.060 2.379 nan nan
29.409 42.05 40.9700 15.1 1.075 2.418 nan nan
29.511 42.07 40.9900 14.8 1.077 2.365 nan nan
29.611 42.09 40.9900 15.0 1.091 2.402 nan nan
29.709 42.11 41.0100 15.0 1.100 2.398 nan nan
29.811 42.13 41.0100 15.2 1.115 2.437 nan nan
29.910 42.15 41.0300 14.8 1.114 2.366 nan nan
30.010 42.17 41.0300 15.3 1.134 2.446 nan nan
30.111 42.19 41.0500 15.2 1.140 2.422 nan nan
30.209 42.21 41.0500 15.4 1.155 2.460 nan nan
30.311 42.23 41.0700 15.2 1.159 2.425 nan nan
30.410 42.25 41.0600 15.8 1.181 2.516 nan nan
30.510 42.27 41.0800 15.5 1.184 2.466 nan nan
30.611 42.29 41.0600 16.8 1.224 2.686 nan nan
30.710 42.31 41.1000 15.7 1.207 2.493 nan nan
30.811 42.33 41.1100 15.6 1.215 2.483 nan nan
30.910 42.35 41.1200 15.5 1.221 2.464 nan nan
31.010 42.37 41.1500 15.0 1.218 2.377 nan nan
31.111 42.39 41.1400 15.8 1.245 2.511 nan nan
31.209 42.41 41.1500 15.8 1.254 2.507 nan nan
31.311 42.43 41.1700 15.6 1.259 2.484 nan nan
31.410 42.45 41.1700 16.1 1.279 2.559 nan nan
31.510 42.47 41.1900 15.5 1.273 2.456 nan nan
31.611 42.48 41.1900 15.9 1.291 2.519 nan nan
31.710 42.50 41.2000 16.2 1.308 2.577 nan nan
31.811 42.52 41.2100 16.0 1.312 2.540 nan nan
31.910 42.54 41.2200 16.4 1.329 2.599 nan nan
32.010 42.56 41.2400 15.8 1.324 2.505 nan nan
32.111 42.58 41.2600 15.6 1.326 2.461 nan nan
32.210 42.60 41.2700 15.8 1.340 2.496 nan nan
32.310 42.62 41.2800 15.7 1.346 2.486 nan nan
32.410 42.64 41.2800 16.2 1.366 2.567 nan nan
32.511 42.66 41.2900 16.4 1.377 2.586 nan nan
32.611 42.68 41.3000 16.5 1.388 2.604 nan nan
32.709 42.70 41.3200 15.8 1.382 2.501 nan nan
32.811 42.72 41.3200 16.3 1.401 2.577 nan nan
32.910 42.74 41.3300 16.5 1.414 2.608 nan nan
33.010 42.76 41.3500 16.2 1.416 2.560 nan nan
33.111 42.78 41.3700 16.0 1.418 2.521 nan nan
33.209 42.80 41.3700 16.3 1.432 2.563 nan nan
33.311 42.82 41.4400 13.8 1.382 2.155 nan nan
33.410 42.84 41.4000 16.1 1.441 2.531 nan nan
33.510 42.86 41.4100 16.1 1.450 2.541 nan nan
33.611 42.88 41.4100 16.8 1.472 2.640 nan nan
33.710 42.90 41.4500 15.8 1.459 2.490 nan nan
33.811 42.92 41.4500 16.3 1.477 2.560 nan nan
33.910 42.94 41.4700 15.9 1.476 2.501 nan nan
34.010 42.96 41.4800 16.1 1.486 2.520 nan nan
34.111 42.98 41.4900 16.1 1.495 2.531 nan nan
34.210 43.00 41.5500 14.0 1.453 2.185 nan nan
34.310 43.02 41.5000 16.8 1.522 2.630 nan nan
34.410 43.04 41.5200 16.6 1.525 2.597 nan nan
34.510 43.06 41.5300 16.5 1.530 2.581 nan nan
34.611 43.08 41.5500 16.2 1.532 2.542 nan nan
34.710 43.10 41.5800 15.4 1.520 2.408 nan nan
34.810 43.12 41.5800 16.2 1.545 2.538 nan nan
34.910 43.14 41.5800 16.9 1.566 2.638 nan nan
35.010 43.16 41.5700 17.8 1.596 2.794 nan nan
35.111 43.18 41.6100 16.4 1.571 2.559 nan nan
35.210 43.20 41.6200 16.5 1.580 2.572 nan nan
35.310 43.22 41.6400 16.3 1.583 2.541 nan nan
35.410 43.24 41.6400 16.8 1.600 2.618 nan nan
35.510 43.26 41.6700 16.3 1.596 2.534 nan nan
35.611 43.28 41.6700 16.6 1.611 2.591 nan nan
35.710 43.30 41.6900 16.5 1.615 2.573 nan nan
35.810 43.32 41.7200 15.7 1.603 2.438 nan nan
35.910 43.34 41.7200 16.6 1.629 2.576 nan nan
36.010 43.36 41.7300 16.4 1.631 2.548 nan nan
36.111 43.38 41.7800 15.1 1.607 2.331 nan nan
36.210 43.40 41.7400 17.4 1.665 2.702 nan nan
36.310 43.42 41.8100 14.9 1.614 2.295 nan nan
36.410 43.44 41.8000 16.0 1.644 2.470 nan nan
36.511 43.46 41.8100 16.2 1.656 2.513 nan nan
36.611 43.48 41.8200 16.4 1.665 2.530 nan nan
36.709 43.50 41.8300 16.3 1.669 2.516 nan nan
36.811 43.52 41.8500 16.3 1.676 2.526 nan nan
36.910 43.54 41.8500 16.6 1.689 2.572 nan nan
37.010 43.56 41.8800 16.1 1.683 2.490 nan nan
37.111 43.58 41.8900 16.4 1.696 2.534 nan nan
37.210 43.60 41.9100 16.2 1.696 2.498 nan nan
37.310 43.62 41.9300 16.0 1.698 2.467 nan nan
37.410 43.64 41.9300 16.4 1.711 2.521 nan nan
37.510 43.66 41.9500 16.1 1.710 2.476 nan nan
37.611 43.68 41.9700 16.1 1.715 2.472 nan nan
37.710 43.70 41.9800 16.3 1.725 2.499 nan nan
37.810 43.72 41.9900 16.3 1.731 2.510 nan nan
37.910 43.74 41.9900 17.0 1.752 2.613 nan nan
38.010 43.76 42.0200 16.4 1.745 2.524 nan nan
38.111 43.78 42.0300 16.7 1.758 2.570 nan nan
38.210 43.80 42.0500 16.4 1.754 2.509 nan nan
38.310 43.82 42.0700 16.1 1.752 2.456 nan nan
38.410 43.84 42.1200 14.5 1.722 2.207 nan nan
38.510 43.86 42.0800 17.1 1.786 2.631 nan nan
38.611 43.88 42.1200 15.8 1.761 2.413 nan nan
38.710 43.90 42.1600 14.8 1.741 2.240 nan nan
38.810 43.92 42.1500 16.0 1.772 2.439 nan nan
38.910 43.94 42.1800 15.4 1.764 2.347 nan nan
39.010 43.96 42.1900 15.6 1.772 2.373 nan nan
39.111 43.98 42.2000 15.9 1.783 2.418 nan nan
39.210 44.00 42.2200 15.8 1.786 2.404 nan nan
39.310 44.02 42.2400 15.7 1.787 2.384 nan nan
39.410 44.04 42.2600 15.3 1.783 2.325 nan nan
39.511 44.06 42.2700 15.5 1.790 2.347 nan nan
39.611 44.08 42.2900 15.5 1.794 2.351 nan nan
39.710 44.10 42.3100 15.5 1.798 2.350 nan nan
39.810 44.12 42.3200 15.6 1.803 2.357 nan nan
39.910 44.14 42.3400 15.4 1.802 2.319 nan nan
40.011 44.16 42.3600 15.4 1.805 2.319 nan nan
40.110 44.18 42.3700 15.7 1.817 2.372 nan nan
40.210 44.20 42.4000 15.0 1.805 2.259 nan nan
40.310 44.22 42.4000 15.7 1.822 2.363 nan nan
40.410 44.24 42.4200 15.5 1.822 2.333 nan nan
40.511 44.26 42.4400 15.6 1.828 2.349 nan nan
40.611 44.28 42.4700 15.0 1.817 2.245 nan nan
40.710 44.30 42.4800 15.2 1.825 2.284 nan nan
40.810 44.32 42.4900 15.3 1.829 2.289 nan nan
40.910 44.34 42.5200 14.7 1.819 2.196 nan nan
41.010 44.36 42.5300 15.2 1.834 2.278 nan nan
41.111 44.38 42.5500 15.2 1.836 2.275 nan nan
41.210 44.40 42.5700 14.9 1.833 2.226 nan nan
41.310 44.42 42.5800 15.2 1.843 2.277 nan nan
41.410 44.44 42.5800 16.0 1.862 2.393 nan nan
41.511 44.46 42.6200 14.9 1.842 2.225 nan nan
41.610 44.48 42.6100 16.2 1.875 2.433 nan nan
41.710 44.50 42.6600 14.7 1.844 2.188 nan nan
41.811 44.52 42.6900 14.3 1.835 2.110 nan nan
41.909 44.54 42.7000 14.7 1.846 2.177 nan nan
42.011 44.56 42.7200 14.5 1.844 2.141 nan nan
42.111 44.58 42.7500 13.8 1.830 2.032 nan nan
42.209 44.60 42.7600 14.2 1.840 2.092 nan nan
42.310 44.62 42.7800 14.1 1.840 2.076 nan nan
42.409 44.64 42.8000 14.1 1.842 2.077 nan nan
42.509 44.66 42.8200 14.1 1.842 2.067 nan nan
42.610 44.68 42.8400 14.1 1.843 2.063 nan nan
42.709 44.70 42.8700 13.4 1.828 1.951 nan nan
42.809 44.72 42.8800 14.1 1.847 2.072 nan nan
42.909 44.74 42.8800 14.8 1.863 2.173 nan nan
43.009 44.76 42.9300 13.3 1.831 1.934 nan nan
43.110 44.78 42.9500 13.5 1.835 1.958 nan nan
43.209 44.80 42.9800 13.0 1.825 1.884 nan nan
43.309 44.82 42.9900 13.5 1.837 1.962 nan nan
43.409 44.84 43.0100 13.2 1.831 1.918 nan nan
43.510 44.86 43.0400 13.0 1.827 1.882 nan nan
43.609 44.88 43.0500 13.2 1.830 1.902 nan nan
43.709 44.90 43.0800 13.0 1.827 1.878 nan nan
43.810 44.92 43.0900 13.3 1.833 1.917 nan nan
43.908 44.94 43.1200 13.0 1.826 1.864 nan nan
44.010 44.96 43.1400 12.8 1.823 1.842 nan nan
44.109 44.98 43.1600 13.1 1.828 1.875 nan nan
44.209 45.00 43.1700 13.1 1.829 1.881 nan nan
44.310 45.02 43.2000 12.7 1.821 1.818 nan nan
44.408 45.04 43.2400 12.0 1.803 1.697 nan nan
44.510 45.06 43.2400 12.7 1.820 1.817 nan nan
44.609 45.08 43.2600 12.8 1.822 1.835 nan nan
44.709 45.10 43.2800 13.1 1.827 1.868 nan nan
44.810 45.12 43.3100 12.6 1.816 1.785 nan nan
44.909 45.14 43.3300 12.7 1.817 1.800 nan nan
45.010 45.16 43.3600 12.2 1.807 1.730 nan nan
45.109 45.18 43.3700 12.5 1.813 1.775 nan nan
45.209 45.20 43.3800 12.8 1.819 1.816 nan nan
45.310 45.22 43.4100 12.6 1.815 1.786 nan nan
45.408 45.24 43.4300 12.4 1.809 1.750 nan nan
45.510 45.26 43.4600 12.0 1.799 1.680 nan nan
45.610 45.28 43.5000 11.5 1.787 1.600 nan nan
45.708 45.30 43.5100 12.0 1.797 1.682 nan nan
45.810 45.32 43.5300 11.9 1.794 1.670 nan nan
45.909 45.34 43.5500 11.9 1.793 1.666 nan nan
46.009 45.36 43.5500 13.0 1.817 1.841 nan nan
46.110 45.38 43.6000 11.4 1.781 1.585 nan nan
46.209 45.40 43.6100 12.0 1.792 1.672 nan nan
46.309 45.42 43.6400 11.7 1.783 1.617 nan nan
46.409 45.44 43.6600 11.7 1.783 1.625 nan nan
46.509 45.46 43.6900 11.5 1.776 1.584 nan nan
46.610 45.48 43.7100 11.3 1.770 1.549 nan nan
46.709 45.50 43.7300 11.4 1.772 1.575 nan nan
46.809 45.52 43.7300 12.6 1.797 1.759 nan nan
46.909 45.54 43.7800 11.1 1.762 1.521 nan nan
47.010 45.56 43.7800 12.1 1.783 1.676 nan nan
47.109 45.58 43.8100 11.8 1.774 1.620 nan nan
47.209 45.60 43.8300 11.6 1.769 1.593 nan nan
47.309 45.62 43.8500 11.7 1.770 1.607 nan nan
47.409 45.64 43.8800 11.6 1.766 1.589 nan nan
47.510 45.66 43.9100 11.1 1.754 1.512 nan nan
47.609 45.68 43.9300 11.2 1.754 1.528 nan nan
47.709 45.70 43.9400 11.8 1.764 1.609 nan nan
47.810 45.72 43.9700 11.6 1.758 1.574 nan nan
47.908 45.74 43.9800 11.7 1.759 1.590 nan nan
48.010 45.76 44.0100 11.6 1.755 1.571 nan nan
48.110 45.78 44.0300 11.6 1.755 1.576 nan nan
48.208 45.80 44.0600 11.2 1.743 1.504 nan nan
48.310 45.82 44.0700 11.5 1.749 1.557 nan nan
48.409 45.84 44.1100 11.1 1.738 1.492 nan nan
48.510 45.86 44.1200 11.3 1.740 1.516 nan nan
48.610 45.88 44.1500 11.2 1.738 1.512 nan nan
48.709 45.90 44.1700 11.1 1.732 1.483 nan nan
48.810 45.92 44.2000 10.8 1.724 1.441 nan nan
48.908 45.94 44.2300 10.6 1.716 1.398 nan nan
49.010 45.96 44.2400 10.8 1.719 1.436 nan nan
49.110 45.98 44.2600 10.9 1.719 1.449 nan nan
49.208 46.00 44.2900 10.8 1.715 1.437 nan nan
49.310 46.02 44.3100 10.7 1.711 1.419 nan nan
49.409 46.04 44.3300 10.8 1.710 1.425 nan nan
49.509 46.06 44.3600 10.8 1.707 1.423 nan nan
49.610 46.08 44.3800 10.6 1.700 1.385 nan nan
49.709 46.10 44.4100 10.5 1.696 1.375 nan nan
49.809 46.12 44.4300 10.6 1.696 1.390 nan nan
49.909 46.14 44.4500 10.8 1.698 1.421 nan nan
50.010 46.16 44.4700 10.5 1.690 1.375 nan nan
50.110 46.18 44.4900 10.7 1.692 1.404 nan nan
50.209 46.20 44.5100 10.9 1.693 1.427 nan nan
50.309 46.22 44.5300 10.9 1.692 1.435 nan nan
50.409 46.24 44.5600 10.6 1.681 1.372 nan nan
50.510 46.26 44.5800 10.8 1.685 1.417 nan nan
50.609 46.28 44.6100 10.5 1.675 1.358 nan nan
50.709 46.30 44.6400 10.3 1.668 1.327 nan nan
50.809 46.32 44.6500 10.5 1.671 1.360 nan nan
50.909 46.34 44.6700 10.7 1.672 1.385 nan nan
51.010 46.36 44.6900 10.8 1.671 1.396 nan nan
51.109 46.38 44.7100 10.8 1.670 1.399 nan nan
51.209 46.40 44.7500 10.2 1.655 1.307 nan nan
51.310 46.42 44.7700 10.4 1.657 1.338 nan nan
51.408 46.44 44.7900 10.2 1.649 1.297 nan nan
51.510 46.46 44.8300 9.7 1.636 1.224 nan nan
51.610 46.48 44.8400 10.2 1.644 1.301 nan nan
51.708 46.50 44.8700 10.1 1.637 1.273 nan nan
51.810 46.52 44.8600 11.3 1.664 1.475 nan nan
51.909 46.54 44.9000 10.7 1.648 1.374 nan nan
52.009 46.56 44.9400 9.8 1.625 1.224 nan nan
52.110 46.58 44.9900 8.7 1.595 1.040 nan nan
52.209 46.60 44.9900 9.6 1.614 1.197 nan nan
52.310 46.62 45.0400 8.4 1.583 1.003 nan nan
52.409 46.64 45.0300 9.9 1.613 1.242 nan nan
52.510 46.66 45.0500 10.0 1.611 1.248 nan nan
52.610 46.68 45.0700 10.3 1.616 1.297 nan nan
52.708 46.70 45.0900 10.2 1.610 1.274 nan nan
52.810 46.72 45.1200 10.2 1.608 1.273 nan nan
52.909 46.74 45.1300 10.4 1.611 1.310 nan nan
53.009 46.76 45.1500 10.8 1.618 1.379 nan nan
53.110 46.78 45.1800 10.2 1.603 1.285 nan nan
53.209 46.80 45.2000 10.3 1.601 1.284 nan nan
53.309 46.82 45.2300 10.2 1.596 1.269 nan nan
53.409 46.84 45.2800 8.8 1.562 1.044 nan nan
53.509 46.86 45.2700 10.5 1.598 1.321 nan nan
53.610 46.88 45.3300 8.8 1.557 1.048 nan nan
53.709 46.90 45.3100 10.4 1.590 1.304 nan nan
53.809 46.92 45.3400 10.4 1.587 1.300 nan nan
53.909 46.94 45.3500 10.6 1.589 1.330 nan nan
54.010 46.96 45.3900 10.2 1.578 1.265 nan nan
54.109 46.98 45.4000 10.4 1.579 1.289 nan nan
54.209 47.00 45.4300 10.3 1.575 1.275 nan nan
54.310 47.02 45.4500 10.4 1.575 1.287 nan nan
54.408 47.04 45.4700 10.3 1.572 1.283 nan nan
54.510 47.06 45.5000 10.1 1.564 1.237 nan nan
54.610 47.08 45.5200 10.1 1.561 1.237 nan nan
54.708 47.10 45.5400 10.2 1.562 1.257 nan nan
54.810 47.12 45.5600 10.2 1.559 1.251 nan nan
54.908 47.14 45.5800 10.4 1.560 1.277 nan nan
55.010 47.16 45.6000 10.4 1.559 1.281 nan nan
55.110 47.18 45.6300 10.3 1.555 1.266 nan nan
55.208 47.20 45.6600 10.1 1.548 1.234 nan nan
55.310 47.22 45.6700 10.3 1.550 1.263 nan nan
55.409 47.24 45.6900 10.4 1.549 1.275 nan nan
55.509 47.26 45.7300 9.8 1.533 1.175 nan nan
55.610 47.28 45.7400 10.3 1.544 1.266 nan nan
55.709 47.30 45.7700 10.2 1.537 1.232 nan nan
55.809 47.32 45.7900 10.3 1.538 1.255 nan nan
55.909 47.34 45.8100 10.2 1.534 1.239 nan nan
56.010 47.36 45.8100 11.4 1.558 1.425 nan nan
56.110 47.38 45.8600 10.1 1.527 1.213 nan nan
56.209 47.40 45.8800 9.9 1.522 1.192 nan nan
56.309 47.42 45.9000 10.0 1.520 1.199 nan nan
56.409 47.44 45.9300 9.7 1.512 1.156 nan nan
56.511 47.46 45.9600 9.3 1.500 1.090 nan nan
56.610 47.48 45.9700 10.1 1.513 1.203 nan nan
56.708 47.50 45.9800 10.5 1.520 1.268 nan nan
56.810 47.52 46.0100 10.3 1.515 1.242 nan nan
56.909 47.54 46.0400 9.8 1.502 1.166 nan nan
57.009 47.56 46.0600 9.8 1.499 1.164 nan nan
57.110 47.58 46.0900 9.6 1.491 1.123 nan nan
57.209 47.60 46.1000 10.1 1.499 1.200 nan nan
57.309 47.62 46.1300 9.8 1.491 1.153 nan nan
57.409 47.64 46.1400 10.6 1.507 1.282 nan nan
57.510 47.66 46.1800 9.7 1.484 1.135 nan nan
57.610 47.68 46.2100 9.5 1.477 1.101 nan nan
57.709 47.70 46.2600 8.3 1.445 0.900 nan nan
57.809 47.72 46.2500 9.5 1.470 1.101 nan nan
57.909 47.74 46.2700 9.6 1.468 1.109 nan nan
58.010 47.76 46.2900 9.8 1.470 1.138 nan nan
58.109 47.78 46.3200 9.6 1.463 1.105 nan nan
58.209 47.80 46.3400 9.7 1.463 1.126 nan nan
58.310 47.82 46.3600 9.7 1.461 1.124 nan nan
58.408 47.84 46.3900 9.6 1.455 1.104 nan nan
58.510 47.86 46.4000 9.9 1.460 1.156 nan nan
58.609 47.88 46.4300 9.7 1.453 1.117 nan nan
58.709 47.90 46.4600 9.3 1.442 1.056 nan nan
58.810 47.92 46.4400 11.1 1.480 1.344 nan nan
58.908 47.94 46.5000 9.5 1.443 1.090 nan nan
59.010 47.96 46.5200 9.8 1.445 1.126 nan nan
59.110 47.98 46.5400 9.9 1.446 1.145 nan nan
59.208 48.00 46.5700 9.6 1.436 1.095 nan nan
59.310 48.02 46.5900 9.6 1.433 1.089 nan nan
59.409 48.04 46.6100 9.6 1.432 1.097 nan nan
59.509 48.06 46.6300 9.7 1.430 1.101 nan nan
59.610 48.08 46.6600 9.4 1.423 1.067 nan nan
59.709 48.10 46.6800 9.4 1.420 1.063 nan nan
59.809 48.12 46.7200 8.9 1.404 0.971 nan nan
59.909 48.14 46.7400 8.8 1.400 0.966 nan nan
60.010 48.16 46.7600 9.0 1.399 0.982 nan nan
60.109 48.18 46.8000 8.6 1.388 0.921 nan nan
60.209 48.20 46.8200 8.5 1.382 0.901 nan nan
60.309 48.22 46.8300 9.3 1.396 1.029 nan nan
60.409 48.24 46.8600 8.6 1.379 0.925 nan nan
60.511 48.26 46.8900 8.4 1.369 0.879 nan nan
60.610 48.28 46.9200 8.3 1.365 0.875 nan nan
60.708 48.30 46.9400 8.2 1.358 0.852 nan nan
60.810 48.32 46.9700 8.3 1.356 0.866 nan nan
60.909 48.34 46.9900 8.4 1.355 0.876 nan nan
61.009 48.36 47.0200 8.1 1.345 0.830 nan nan
61.110 48.38 47.0400 8.0 1.339 0.816 nan nan
61.209 48.40 47.0600 8.3 1.341 0.859 nan nan
61.309 48.42 47.0900 8.1 1.334 0.830 nan nan
61.409 48.44 47.1100 8.1 1.331 0.833 nan nan
61.509 48.46 47.1500 7.6 1.315 0.747 nan nan
61.610 48.48 47.1600 8.0 1.320 0.813 nan nan
61.709 48.50 47.1900 8.1 1.318 0.826 nan nan
61.809 48.52 47.2100 8.2 1.317 0.840 nan nan
61.909 48.54 47.2400 7.8 1.303 0.768 nan nan
62.009 48.56 47.2600 7.9 1.301 0.783 nan nan
62.110 48.58 47.3400 5.7 1.247 0.430 nan nan
62.209 48.60 47.3200 7.6 1.286 0.740 nan nan
62.310 48.62 47.3600 6.9 1.265 0.620 nan nan
62.409 48.64 47.3800 7.2 1.267 0.666 nan nan
62.509 48.66 47.4000 7.4 1.268 0.704 nan nan
62.610 48.68 47.4200 7.3 1.261 0.687 nan nan
62.709 48.70 47.4600 6.8 1.244 0.597 nan nan
62.809 48.72 47.4700 7.3 1.253 0.687 nan nan
62.909 48.74 47.5000 7.2 1.244 0.658 nan nan
63.009 48.76 47.5200 7.3 1.244 0.682 nan nan
63.110 48.78 47.5500 7.2 1.237 0.663 nan nan
63.209 48.80 47.5800 7.0 1.226 0.619 nan nan
63.309 48.82 47.6000 7.0 1.222 0.619 nan nan
63.409 48.84 47.6100 7.7 1.234 0.730 nan nan
63.509 48.86 47.6500 6.9 1.212 0.605 nan nan
63.609 48.88 47.7200 5.2 1.168 0.323 nan nan
63.708 48.90 47.7000 7.1 1.207 0.641 nan nan
63.808 48.92 47.7100 7.4 1.209 0.686 nan nan
63.908 48.94 47.7300 7.6 1.210 0.717 nan nan
64.009 48.96 47.7700 7.0 1.192 0.612 nan nan
64.108 48.98 47.8000 7.0 1.188 0.617 nan nan
64.208 49.00 47.8300 6.7 1.176 0.560 nan nan
64.308 49.02 47.8500 6.8 1.175 0.586 nan nan
64.408 49.04 47.8800 6.5 1.162 0.526 nan nan
64.509 49.06 47.8900 7.1 1.172 0.626 nan nan
64.609 49.08 47.9200 6.7 1.159 0.562 nan nan
64.707 49.10 47.9500 6.8 1.157 0.575 nan nan
64.809 49.12 47.9800 6.3 1.142 0.501 nan nan
64.908 49.14 48.0100 6.1 1.132 0.465 nan nan
65.008 49.16 48.0300 6.2 1.129 0.476 nan nan
65.109 49.18 48.0500 6.8 1.138 0.571 nan nan
65.208 49.20 48.0800 6.4 1.124 0.504 nan nan
65.308 49.22 48.1000 6.3 1.118 0.492 nan nan
65.408 49.24 48.1300 6.2 1.110 0.467 nan nan
65.508 49.26 48.1500 6.4 1.112 0.512 nan nan
65.609 49.28 48.2000 5.5 1.086 0.362 nan nan
65.708 49.30 48.2100 5.9 1.091 0.430 nan nan
65.808 49.32 48.2500 5.6 1.078 0.370 nan nan
65.908 49.34 48.2600 6.2 1.087 0.474 nan nan
66.009 49.36 48.2900 5.7 1.072 0.395 nan nan
66.108 49.38 48.3300 5.3 1.057 0.328 nan nan
66.208 49.40 48.3200 6.6 1.081 0.530 nan nan
66.308 49.42 48.3500 6.2 1.069 0.472 nan nan
66.408 49.44 48.3800 6.1 1.061 0.450 nan nan
66.509 49.46 48.4000 6.3 1.060 0.474 nan nan
66.608 49.48 48.4200 6.7 1.065 0.538 nan nan
66.708 49.50 48.4500 6.3 1.054 0.487 nan nan
66.808 49.52 48.4700 6.4 1.050 0.487 nan nan
66.908 49.54 48.5100 6.0 1.037 0.424 nan nan
67.009 49.56 48.5200 6.5 1.044 0.503 nan nan
67.108 49.58 48.5500 6.1 1.032 0.445 nan nan
67.208 49.60 48.5800 5.9 1.023 0.409 nan nan
67.308 49.62 48.6000 6.1 1.022 0.436 nan nan
67.408 49.64 48.6300 5.8 1.011 0.390 nan nan
67.509 49.66 48.6600 5.6 1.002 0.356 nan nan
67.608 49.68 48.6800 5.8 1.002 0.387 nan nan
67.707 49.70 48.7100 5.6 0.992 0.352 nan nan
67.807 49.72 48.7400 5.6 0.987 0.348 nan nan
67.907 49.74 48.7600 5.8 0.987 0.380 nan nan
68.008 49.76 48.7900 5.5 0.977 0.338 nan nan
68.107 49.78 48.8000 5.8 0.979 0.385 nan nan
68.207 49.80 48.8400 5.1 0.959 0.272 nan nan
68.307 49.82 48.8600 5.4 0.960 0.316 nan nan
68.407 49.84 48.8800 5.7 0.963 0.367 nan nan
68.508 49.86 48.9100 5.5 0.954 0.333 nan nan
68.608 49.88 48.9300 5.7 0.955 0.370 nan nan
68.706 49.90 48.9600 5.5 0.945 0.333 nan nan
68.808 49.92 48.9700 5.9 0.950 0.398 nan nan
68.907 49.94 49.0000 5.7 0.940 0.354 nan nan
69.007 49.96 49.0200 5.9 0.941 0.394 nan nan
69.108 49.98 49.0400 6.1 0.942 0.425 nan nan
69.207 50.00 49.0700 5.8 0.930 0.368 nan nan
69.307 50.02 49.1000 5.8 0.926 0.368 nan nan
69.407 50.04 49.1200 5.8 0.922 0.367 nan nan
69.507 50.06 49.1400 5.9 0.921 0.386 nan nan
69.608 50.08 49.1700 5.7 0.912 0.353 nan nan
69.707 50.10 49.2400 3.6 0.860 0.013 nan nan
69.807 50.12 49.2100 6.1 0.911 0.416 nan nan
69.907 50.14 49.2400 6.0 0.905 0.399 nan nan
70.008 50.16 49.2700 5.6 0.894 0.343 nan nan
70.107 50.18 49.2900 5.8 0.894 0.372 nan nan
70.207 50.20 49.3200 5.7 0.886 0.343 nan nan
70.307 50.22 49.3400 5.5 0.879 0.322 nan nan
70.407 50.24 49.3500 6.4 0.896 0.466 nan nan
70.508 50.26 49.3900 5.4 0.869 0.303 nan nan
70.607 50.28 49.4100 5.8 0.873 0.360 nan nan
70.707 50.30 49.4400 5.4 0.861 0.300 nan nan
70.807 50.32 49.4600 5.8 0.866 0.360 nan nan
70.907 50.34 49.5100 4.4 0.831 0.139 nan nan
71.008 50.36 49.5100 5.8 0.856 0.355 nan nan
71.107 50.38 49.5300 5.8 0.853 0.358 nan nan
71.207 50.40 49.5500 6.0 0.856 0.401 nan nan
71.307 50.42 49.5800 5.6 0.842 0.328 nan nan
71.407 50.44 49.6000 5.9 0.845 0.371 nan nan
71.508 50.46 49.6500 4.9 0.818 0.206 nan nan
71.607 50.48 49.6500 5.8 0.836 0.363 nan nan
71.706 50.50 49.6700 5.9 0.833 0.371 nan nan
71.807 50.52 49.6900 5.8 0.829 0.363 nan nan
71.906 50.54 49.7200 5.8 0.823 0.346 nan nan
72.007 50.56 49.7400 6.0 0.826 0.392 nan nan
72.106 50.58 49.7600 6.0 0.822 0.381 nan nan
72.206 50.60 49.7900 5.7 0.813 0.340 nan nan
72.307 50.62 49.8100 5.8 0.810 0.346 nan nan
72.406 50.64 49.8300 5.9 0.810 0.370 nan nan
72.507 50.66 49.8600 5.7 0.801 0.328 nan nan
72.607 50.68 49.8800 6.0 0.805 0.377 nan nan
72.705 50.70 49.9100 5.7 0.794 0.324 nan nan
72.807 50.72 49.9300 5.7 0.792 0.329 nan nan
72.906 50.74 49.9600 5.6 0.787 0.320 nan nan
73.006 50.76 49.9700 5.9 0.790 0.367 nan nan
73.107 50.78 50.0100 5.4 0.774 0.276 nan nan
73.206 50.80 50.0300 5.6 0.776 0.312 nan nan
73.306 50.82 50.0500 5.6 0.772 0.311 nan nan
73.406 50.84 50.0800 5.4 0.765 0.279 nan nan
73.507 50.86 50.1000 5.4 0.760 0.271 nan nan
73.607 50.88 50.1300 5.4 0.758 0.282 nan nan
73.706 50.90 50.1700 4.6 0.736 0.150 nan nan
73.806 50.92 50.1800 5.2 0.745 0.243 nan nan
73.906 50.94 50.2000 5.1 0.739 0.227 nan nan
74.007 50.96 50.2300 5.2 0.737 0.237 nan nan
74.106 50.98 50.2700 4.5 0.717 0.123 nan nan
74.206 51.00 50.2700 5.2 0.729 0.238 nan nan
74.306 51.02 50.2900 5.4 0.731 0.274 nan nan
74.406 51.04 50.3600 3.4 0.681 -0.053 nan nan
74.507 51.06 50.3400 5.6 0.726 0.298 nan nan
74.606 51.08 50.3600 5.4 0.719 0.272 nan nan
74.706 51.10 50.3800 5.6 0.721 0.306 nan nan
74.806 51.12 50.4000 5.7 0.718 0.311 nan nan
74.906 51.14 50.4300 5.5 0.712 0.287 nan nan
75.007 51.16 50.4500 5.9 0.717 0.344 nan nan
75.106 51.18 50.4700 5.8 0.714 0.340 nan nan
75.206 51.20 50.5000 5.5 0.703 0.286 nan nan
75.306 51.22 50.5000 6.6 0.725 0.456 nan nan
75.406 51.24 50.5400 5.7 0.702 0.312 nan nan
75.507 51.26 50.5600 5.7 0.699 0.305 nan nan
75.606 51.28 50.5800 5.8 0.700 0.334 nan nan
75.706 51.30 50.6000 6.1 0.703 0.373 nan nan
75.806 51.32 50.6500 4.8 0.672 0.173 nan nan
75.905 51.34 50.6400 6.2 0.700 0.394 nan nan
76.006 51.36 50.6700 5.8 0.688 0.327 nan nan
76.105 51.38 50.7000 5.8 0.686 0.330 nan nan
76.205 51.40 50.7100 6.3 0.695 0.410 nan nan
76.306 51.42 50.7300 6.2 0.689 0.384 nan nan
76.405 51.44 50.7500 6.2 0.689 0.397 nan nan
76.506 51.46 50.7800 6.2 0.686 0.396 nan nan
76.606 51.48 50.8000 6.1 0.681 0.374 nan nan
76.705 51.50 50.8200 6.2 0.682 0.391 nan nan
76.806 51.52 50.8400 6.3 0.680 0.398 nan nan
76.905 51.54 50.8700 6.1 0.675 0.377 nan nan
77.005 51.56 50.8900 6.1 0.673 0.371 nan nan
77.106 51.58 50.9100 6.2 0.672 0.381 nan nan
77.205 51.60 50.9300 6.3 0.672 0.397 nan nan
77.305 51.62 50.9600 6.2 0.667 0.377 nan nan
77.405 51.64 50.9800 6.3 0.667 0.392 nan nan
77.505 51.66 51.0000 6.2 0.664 0.380 nan nan
77.606 51.68 50.9900 7.3 0.689 0.569 nan nan
77.705 51.70 51.0500 6.1 0.658 0.361 nan nan
77.805 51.72 51.0600 6.2 0.660 0.389 nan nan
77.905 51.74 51.0900 6.1 0.655 0.371 nan nan
78.005 51.76 51.1100 6.0 0.649 0.341 nan nan
78.106 51.78 51.1200 6.6 0.661 0.437 nan nan
78.205 51.80 51.1500 6.2 0.652 0.387 nan nan
78.305 51.82 51.1800 6.2 0.648 0.374 nan nan
78.405 51.84 51.1900 6.6 0.656 0.446 nan nan
78.506 51.86 51.2000 6.8 0.658 0.470 nan nan
78.605 51.88 51.2200 6.8 0.658 0.479 nan nan
78.705 51.90 51.2500 6.7 0.653 0.451 nan nan
78.806 51.92 51.2700 6.8 0.656 0.480 nan nan
78.905 51.94 51.2900 6.7 0.651 0.456 nan nan
79.006 51.96 51.3000 7.1 0.658 0.517 nan nan
79.105 51.98 51.3300 6.8 0.651 0.474 nan nan
79.205 52.00 51.3400 7.3 0.660 0.544 nan nan
79.306 52.02 51.3600 7.4 0.662 0.563 nan nan
79.405 52.04 51.3800 7.3 0.659 0.546 nan nan
79.506 52.06 51.4000 7.4 0.660 0.559 nan nan
79.605 52.08 51.4300 7.0 0.652 0.508 nan nan
79.705 52.10 51.4100 8.9 0.694 0.809 nan nan
79.805 52.12 51.4600 7.4 0.660 0.570 nan nan
79.904 52.14 51.4900 7.4 0.658 0.559 nan nan
80.004 52.16 51.5100 7.4 0.657 0.558 nan nan
80.105 52.18 51.5200 7.5 0.660 0.581 nan nan
80.203 52.20 51.5400 7.5 0.660 0.582 nan nan
80.305 52.22 51.5600 7.6 0.661 0.600 nan nan
80.404 52.24 51.5800 7.7 0.662 0.608 nan nan
80.504 52.26 51.6100 7.5 0.658 0.580 nan nan
80.604 52.28 51.6100 8.1 0.670 0.669 nan nan
80.704 52.30 51.6500 7.6 0.658 0.584 nan nan
80.804 52.32 51.6500 8.2 0.673 0.694 nan nan
80.905 52.34 51.6800 7.7 0.660 0.606 nan nan
81.004 52.36 51.7100 7.4 0.653 0.559 nan nan
81.104 52.38 51.7200 7.7 0.660 0.612 nan nan
81.204 52.40 51.7400 7.8 0.662 0.627 nan nan
81.304 52.42 51.7600 7.7 0.659 0.610 nan nan
81.405 52.44 51.7800 7.7 0.658 0.603 nan nan
81.504 52.46 51.8100 7.5 0.653 0.571 nan nan
81.604 52.48 51.8300 7.7 0.656 0.597 nan nan
81.704 52.50 51.8400 7.9 0.661 0.636 nan nan
81.805 52.52 51.8300 9.2 0.690 0.839 nan nan
81.905 52.54 51.8800 7.9 0.662 0.636 nan nan
82.004 52.56 51.8900 8.2 0.669 0.686 nan nan
82.104 52.58 51.9200 8.1 0.667 0.667 nan nan
82.204 52.60 51.9300 8.2 0.669 0.685 nan nan
82.305 52.62 51.9500 8.2 0.669 0.679 nan nan
82.405 52.64 51.9700 8.2 0.669 0.685 nan nan
82.504 52.66 51.9900 8.3 0.670 0.692 nan nan
82.604 52.68 52.0100 8.3 0.671 0.695 nan nan
82.704 52.70 52.0200 8.7 0.679 0.751 nan nan
82.805 52.72 52.0400 8.8 0.682 0.769 nan nan
82.905 52.74 52.0600 8.8 0.683 0.769 nan nan
83.004 52.76 52.0800 8.8 0.683 0.763 nan nan
83.104 52.78 52.1000 8.7 0.683 0.761 nan nan
83.204 52.80 52.1300 8.4 0.677 0.712 nan nan
83.305 52.82 52.1400 8.9 0.687 0.786 nan nan
83.404 52.84 52.1600 8.7 0.682 0.745 nan nan
83.504 52.86 52.1800 8.9 0.687 0.777 nan nan
83.604 52.88 52.1900 9.1 0.694 0.821 nan nan
83.704 52.90 52.2100 8.9 0.690 0.784 nan nan
83.805 52.92 52.2200 9.6 0.705 0.888 nan nan
83.905 52.94 52.2600 8.5 0.683 0.722 nan nan
84.003 52.96 52.2800 8.5 0.683 0.723 nan nan
84.103 52.98 52.2900 8.9 0.692 0.782 nan nan
84.203 53.00 52.3100 8.8 0.691 0.771 nan nan
84.304 53.02 52.3300 8.8 0.691 0.763 nan nan
84.403 53.04 52.3500 8.8 0.690 0.756 nan nan
84.505 53.06 52.3600 9.1 0.699 0.817 nan nan
84.604 53.08 52.3900 9.0 0.696 0.791 nan nan
84.702 53.10 52.4100 9.0 0.697 0.788 nan nan
84.804 53.12 52.4300 8.8 0.694 0.765 nan nan
84.904 53.14 52.4400 9.4 0.708 0.856 nan nan
85.002 53.16 52.4600 9.2 0.705 0.833 nan nan
85.104 53.18 52.4700 9.5 0.711 0.865 nan nan
85.202 53.20 52.4800 10.0 0.723 0.946 nan nan
85.304 53.22 52.5000 9.7 0.720 0.908 nan nan
85.404 53.24 52.5300 9.3 0.710 0.831 nan nan
85.502 53.26 52.5600 9.0 0.706 0.795 nan nan
85.604 53.28 52.5600 9.7 0.720 0.893 nan nan
85.703 53.30 52.5800 9.9 0.728 0.939 nan nan
85.803 53.32 52.6000 9.6 0.722 0.888 nan nan
85.904 53.34 52.6100 9.9 0.730 0.934 nan nan
86.003 53.36 52.6300 10.0 0.734 0.953 nan nan
86.104 53.38 52.6400 10.4 0.744 1.011 nan nan
86.202 53.40 52.6700 10.0 0.737 0.950 nan nan
86.304 53.42 52.6900 9.9 0.737 0.934 nan nan
86.404 53.44 52.7000 10.3 0.746 0.993 nan nan
86.502 53.46 52.7300 9.5 0.730 0.862 nan nan
86.604 53.48 52.7300 10.5 0.753 1.023 nan nan
86.703 53.50 52.7500 10.4 0.753 1.004 nan nan
86.803 53.52 52.7700 10.2 0.751 0.981 nan nan
86.904 53.54 52.7900 10.3 0.754 0.994 nan nan
87.002 53.56 52.8200 9.9 0.746 0.919 nan nan
87.103 53.58 52.8300 9.9 0.749 0.931 nan nan
87.203 53.60 52.8500 10.0 0.750 0.935 nan nan
87.303 53.62 52.8700 10.0 0.752 0.935 nan nan
87.404 53.64 52.8800 10.4 0.763 1.006 nan nan
87.503 53.66 52.8800 11.0 0.778 1.099 nan nan
87.603 53.68 52.9200 10.2 0.762 0.971 nan nan
87.703 53.70 52.9300 10.5 0.771 1.022 nan nan
87.804 53.72 52.9600 10.0 0.760 0.934 nan nan
87.904 53.74 52.9700 10.3 0.768 0.983 nan nan
88.003 53.76 52.9900 10.5 0.774 1.008 nan nan
88.102 53.78 53.0300 9.4 0.751 0.838 nan nan
88.202 53.80 53.0300 10.3 0.772 0.985 nan nan
88.303 53.82 53.0500 10.4 0.776 0.998 nan nan
88.402 53.84 53.0600 10.7 0.785 1.051 nan nan
88.502 53.86 53.0800 10.6 0.784 1.029 nan nan
88.603 53.88 53.1000 10.4 0.782 1.001 nan nan
88.702 53.90 53.1100 10.7 0.790 1.046 nan nan
88.803 53.92 53.1300 10.7 0.791 1.043 nan nan
88.903 53.94 53.1600 10.5 0.787 1.003 nan nan
89.001 53.96 53.1600 10.9 0.798 1.070 nan nan
89.103 53.98 53.1900 10.8 0.798 1.054 nan nan
89.201 54.00 53.2100 10.6 0.796 1.025 nan nan
89.302 54.02 53.2200 10.7 0.799 1.038 nan nan
89.403 54.04 53.2400 11.0 0.807 1.082 nan nan
89.501 54.06 53.2500 11.0 0.810 1.089 nan nan
89.603 54.08 53.2800 10.6 0.803 1.025 nan nan
89.702 54.10 53.2900 10.9 0.810 1.063 nan nan
89.802 54.12 53.3300 10.3 0.797 0.963 nan nan
89.903 54.14 53.3300 10.9 0.814 1.071 nan nan
90.002 54.16 53.3500 11.0 0.817 1.082 nan nan
90.103 54.18 53.3500 11.4 0.830 1.153 nan nan
90.202 54.20 53.3800 11.1 0.823 1.089 nan nan
90.302 54.22 53.4100 10.6 0.813 1.010 nan nan
90.403 54.24 53.4300 10.5 0.813 1.000 nan nan
90.502 54.26 53.4500 10.4 0.811 0.978 nan nan
90.602 54.28 53.4600 10.9 0.825 1.062 nan nan
90.702 54.30 53.4900 10.2 0.809 0.944 nan nan
90.803 54.32 53.5000 10.7 0.822 1.023 nan nan
90.903 54.34 53.5200 10.6 0.822 1.016 nan nan
91.002 54.36 53.5300 10.9 0.830 1.062 nan nan
91.102 54.38 53.5500 11.2 0.837 1.097 nan nan
91.202 54.40 53.5700 10.8 0.831 1.044 nan nan
91.303 54.42 53.6000 10.6 0.828 1.011 nan nan
91.402 54.44 53.6100 10.8 0.833 1.041 nan nan
91.502 54.46 53.6300 10.7 0.833 1.027 nan nan
91.602 54.48 53.6400 11.2 0.846 1.106 nan nan
91.702 54.50 53.6500 11.5 0.854 1.151 nan nan
91.803 54.52 53.6700 11.3 0.851 1.114 nan nan
91.902 54.54 53.6900 11.2 0.851 1.104 nan nan
92.002 54.56 53.7100 11.2 0.852 1.098 nan nan
92.102 54.58 53.7200 11.8 0.867 1.192 nan nan
92.201 54.60 53.7500 11.0 0.852 1.066 nan nan
92.302 54.62 53.7700 11.0 0.852 1.060 nan nan
92.401 54.64 53.7800 11.3 0.862 1.115 nan nan
92.501 54.66 53.7800 12.0 0.878 1.218 nan nan
92.602 54.68 53.8200 11.3 0.866 1.115 nan nan
92.701 54.70 53.8300 11.5 0.871 1.141 nan nan
92.801 54.72 53.8600 11.1 0.865 1.080 nan nan
92.902 54.74 53.8700 11.6 0.876 1.152 nan nan
93.000 54.76 53.8900 11.3 0.871 1.104 nan nan
93.102 54.78 53.9000 11.5 0.878 1.140 nan nan
93.201 54.80 53.9200 11.7 0.883 1.163 nan nan
93.301 54.82 53.9500 11.3 0.878 1.109 nan nan
93.402 54.84 53.9600 11.5 0.884 1.144 nan nan
93.501 54.86 53.9900 11.2 0.878 1.084 nan nan
93.601 54.88 53.9900 11.6 0.889 1.156 nan nan
93.701 54.90 54.0200 11.3 0.884 1.108 nan nan
93.802 54.92 54.0400 11.2 0.882 1.078 nan nan
93.902 54.94 54.0600 11.1 0.881 1.060 nan nan
94.001 54.96 54.0800 11.2 0.885 1.082 nan nan
94.101 54.98 54.0900 11.4 0.891 1.111 nan nan
94.201 55.00 54.1000 11.7 0.899 1.160 nan nan
94.302 55.02 54.1200 11.6 0.898 1.139 nan nan
94.401 55.04 54.1500 11.3 0.893 1.094 nan nan
94.501 55.06 54.1600 11.5 0.900 1.130 nan nan
94.601 55.08 54.1800 11.7 0.905 1.154 nan nan
94.701 55.10 54.2000 11.6 0.904 1.135 nan nan
94.802 55.12 54.2400 10.8 0.887 1.007 nan nan
94.902 55.14 54.2400 11.3 0.901 1.094 nan nan
95.001 55.16 54.2600 11.5 0.907 1.127 nan nan
95.101 55.18 54.2700 11.9 0.916 1.182 nan nan
95.201 55.20 54.2900 11.5 0.910 1.123 nan nan
95.302 55.22 54.3400 10.5 0.888 0.958 nan nan
95.401 55.24 54.3300 11.6 0.912 1.129 nan nan
95.501 55.26 54.3500 11.7 0.916 1.144 nan nan
95.601 55.28 54.3600 11.9 0.923 1.183 nan nan
95.701 55.30 54.3800 11.9 0.925 1.182 nan nan
95.802 55.32 54.4000 11.9 0.927 1.184 nan nan
95.901 55.34 54.4200 11.8 0.927 1.172 nan nan
96.001 55.36 54.4300 12.0 0.933 1.202 nan nan
96.101 55.38 54.4500 11.9 0.932 1.182 nan nan
96.201 55.40 54.4700 11.8 0.930 1.155 nan nan
96.301 55.42 54.4900 11.9 0.936 1.184 nan nan
96.400 55.44 54.5100 11.8 0.935 1.162 nan nan
96.500 55.46 54.5300 11.6 0.931 1.126 nan nan
96.601 55.48 54.5500 11.5 0.930 1.109 nan nan
96.700 55.50 54.6000 10.4 0.906 0.927 nan nan
96.800 55.52 54.5900 11.4 0.929 1.088 nan nan
96.901 55.54 54.6100 11.5 0.933 1.114 nan nan
97.000 55.56 54.6200 12.0 0.945 1.187 nan nan
97.100 55.58 54.6400 11.9 0.944 1.165 nan nan
97.200 55.60 54.6600 11.7 0.941 1.134 nan nan
97.301 55.62 54.6800 11.8 0.946 1.158 nan nan
97.400 55.64 54.6800 12.5 0.963 1.266 nan nan
97.500 55.66 54.7300 11.3 0.937 1.070 nan nan
97.600 55.68 54.7400 11.5 0.944 1.110 nan nan
97.700 55.70 54.7600 11.4 0.941 1.085 nan nan
97.801 55.72 54.7900 10.8 0.928 0.988 nan nan
97.900 55.74 54.8000 11.4 0.944 1.092 nan nan
98.000 55.76 54.8300 10.9 0.931 0.996 nan nan
98.100 55.78 54.8600 10.7 0.927 0.968 nan nan
98.200 55.80 54.8800 10.4 0.922 0.925 nan nan
98.301 55.82 54.8900 11.0 0.934 1.015 nan nan
98.400 55.84 54.9000 11.5 0.947 1.102 nan nan
98.500 55.86 54.9300 11.0 0.936 1.013 nan nan
98.601 55.88 54.9400 11.1 0.939 1.029 nan nan
98.700 55.90 54.9700 11.0 0.937 1.015 nan nan
98.801 55.92 54.9900 10.9 0.936 1.000 nan nan
98.900 55.94 55.0100 10.9 0.935 0.993 nan nan
99.000 55.96 55.0300 10.9 0.936 0.996 nan nan
99.101 55.98 55.0500 10.9 0.935 0.986 nan nan
99.200 56.00 55.0700 10.9 0.937 0.999 nan nan
99.301 56.02 55.0800 11.4 0.947 1.065 nan nan
99.400 56.04 55.1100 10.8 0.935 0.971 nan nan
99.500 56.06 55.1300 10.8 0.934 0.966 nan nan
99.601 56.08 55.1500 10.8 0.936 0.975 nan nan
99.700 56.10 55.1700 10.8 0.935 0.970 nan nan
99.801 56.12 55.1800 11.3 0.947 1.050 nan nan
99.900 56.14 55.2000 11.0 0.941 1.006 nan nan
100.000 56.16 55.2200 11.1 0.943 1.015 nan nan
100.101 56.18 55.2500 10.8 0.938 0.974 nan nan
100.199 56.20 55.2600 11.0 0.941 0.994 nan nan
100.300 56.22 55.2800 10.8 0.939 0.976 nan nan
100.399 56.24 55.3100 10.7 0.934 0.942 nan nan
100.499 56.26 55.3100 11.6 0.955 1.089 nan nan
100.599 56.28 55.3300 11.4 0.952 1.059 nan nan
100.699 56.30 55.3600 11.0 0.943 0.992 nan nan
100.800 56.32 55.3700 11.2 0.949 1.033 nan nan
100.899 56.34 55.3900 11.2 0.948 1.020 nan nan
100.999 56.36 55.4100 11.3 0.952 1.042 nan nan
101.099 56.38 55.4300 11.2 0.950 1.029 nan nan
101.199 56.40 55.4500 11.4 0.956 1.063 nan nan
101.300 56.42 55.4700 11.1 0.949 1.013 nan nan
101.399 56.44 55.4900 11.4 0.955 1.052 nan nan
101.499 56.46 55.5100 11.3 0.954 1.035 nan nan
101.600 56.48 55.5200 11.6 0.961 1.079 nan nan
101.699 56.50 55.5400 11.7 0.964 1.099 nan nan
101.800 56.52 55.5600 11.8 0.967 1.110 nan nan
101.899 56.54 55.5800 11.6 0.964 1.082 nan nan
101.999 56.56 55.6000 11.5 0.963 1.070 nan nan
102.100 56.58 55.6200 11.7 0.968 1.097 nan nan
102.199 56.60 55.6400 11.3 0.958 1.027 nan nan
102.300 56.62 55.6600 11.6 0.966 1.079 nan nan
102.399 56.64 55.6800 11.3 0.960 1.029 nan nan
102.499 56.66 55.6900 11.9 0.975 1.130 nan nan
102.600 56.68 55.7200 11.3 0.963 1.037 nan nan
102.698 56.70 55.7300 11.8 0.972 1.101 nan nan
102.800 56.72 55.7500 11.7 0.972 1.093 nan nan
102.899 56.74 55.7700 11.7 0.973 1.095 nan nan
102.999 56.76 55.8000 11.3 0.965 1.031 nan nan
103.100 56.78 55.8100 11.7 0.973 1.083 nan nan
103.198 56.80 55.8400 11.4 0.967 1.036 nan nan
103.300 56.82 55.8500 11.4 0.969 1.046 nan nan
103.400 56.84 55.8700 11.6 0.972 1.064 nan nan
103.498 56.86 55.8900 11.8 0.978 1.099 nan nan
103.600 56.88 55.9100 11.5 0.972 1.051 nan nan
103.698 56.90 55.9200 11.9 0.981 1.111 nan nan
103.800 56.92 55.9500 11.7 0.977 1.075 nan nan
103.900 56.94 55.9600 11.7 0.978 1.079 nan nan
103.998 56.96 55.9900 11.6 0.977 1.066 nan nan
104.100 56.98 56.0000 12.0 0.987 1.133 nan nan
104.199 57.00 56.0100 12.0 0.988 1.134 nan nan
104.300 57.02 56.0400 11.8 0.983 1.089 nan nan
104.400 57.04 56.0400 12.8 1.007 1.250 nan nan
104.499 57.06 56.0700 12.0 0.990 1.121 nan nan
104.599 57.08 56.0900 11.9 0.990 1.113 nan nan
104.697 57.10 56.1100 11.9 0.991 1.113 nan nan
104.799 57.12 56.1300 12.0 0.993 1.126 nan nan
104.898 57.14 56.1500 12.0 0.994 1.126 nan nan
104.998 57.16 56.1700 12.0 0.995 1.124 nan nan
105.099 57.18 56.1900 11.9 0.993 1.102 nan nan
105.197 57.20 56.2300 10.8 0.968 0.924 nan nan
105.299 57.22 56.2400 11.6 0.986 1.055 nan nan
105.398 57.24 56.2500 11.8 0.992 1.092 nan nan
105.498 57.26 56.2700 11.8 0.993 1.090 nan nan
105.599 57.28 56.2900 11.9 0.995 1.104 nan nan
105.697 57.30 56.3100 11.6 0.988 1.046 nan nan
105.799 57.32 56.3400 11.5 0.987 1.035 nan nan
105.899 57.34 56.3600 11.6 0.988 1.040 nan nan
105.998 57.36 56.3700 11.6 0.990 1.050 nan nan
106.099 57.38 56.4000 11.2 0.979 0.974 nan nan
106.197 57.40 56.4200 11.5 0.987 1.029 nan nan
106.299 57.42 56.4300 11.7 0.991 1.058 nan nan
106.399 57.44 56.4500 11.9 0.996 1.088 nan nan
106.497 57.46 56.4600 12.0 1.000 1.113 nan nan
106.599 57.48 56.4900 11.8 0.996 1.077 nan nan
106.698 57.50 56.5100 11.8 0.997 1.081 nan nan
106.798 57.52 56.5700 10.1 0.957 0.792 nan nan
106.899 57.54 56.5500 11.6 0.990 1.033 nan nan
106.997 57.56 56.5600 12.3 1.007 1.150 nan nan
107.099 57.58 56.5900 11.8 0.996 1.065 nan nan
107.198 57.60 56.6000 11.9 0.998 1.079 nan nan
107.298 57.62 56.6300 11.6 0.993 1.036 nan nan
107.399 57.64 56.6400 11.9 1.000 1.083 nan nan
107.498 57.66 56.6600 11.9 1.000 1.083 nan nan
107.598 57.68 56.6800 11.9 1.001 1.084 nan nan
107.698 57.70 56.7200 11.3 0.988 0.986 nan nan
107.799 57.72 56.7200 11.8 1.000 1.071 nan nan
107.898 57.74 56.7500 11.6 0.993 1.023 nan nan
107.998 57.76 56.7800 11.3 0.988 0.981 nan nan
108.098 57.78 56.7800 12.1 1.005 1.104 nan nan
108.198 57.80 56.8000 11.8 1.000 1.067 nan nan
108.299 57.82 56.8300 11.7 0.997 1.039 nan nan
108.398 57.84 56.8500 11.7 0.998 1.042 nan nan
108.497 57.86 56.8700 11.6 0.995 1.020 nan nan
108.598 57.88 56.8900 11.6 0.996 1.026 nan nan
108.697 57.90 56.9100 11.7 0.997 1.034 nan nan
108.797 57.92 56.9300 11.4 0.992 0.992 nan nan
108.898 57.94 56.9500 11.4 0.991 0.991 nan nan
108.997 57.96 56.9600 12.0 1.004 1.081 nan nan
109.097 57.98 56.9800 11.9 1.003 1.071 nan nan
109.197 58.00 57.0000 11.8 1.001 1.051 nan nan
109.298 58.02 57.0200 11.9 1.003 1.065 nan nan
109.397 58.04 57.0400 11.9 1.004 1.069 nan nan
109.497 58.06 57.0500 12.1 1.008 1.093 nan nan
109.597 58.08 57.0800 12.0 1.006 1.074 nan nan
109.697 58.10 57.1000 12.0 1.008 1.082 nan nan
109.798 58.12 57.1200 11.7 1.002 1.035 nan nan
109.897 58.14 57.1400 11.8 1.004 1.048 nan nan
109.997 58.16 57.1500 12.0 1.008 1.078 nan nan
110.098 58.18 57.1800 11.9 1.006 1.058 nan nan
110.197 58.20 57.2000 11.7 1.002 1.028 nan nan
110.298 58.22 57.2100 12.3 1.015 1.120 nan nan
110.397 58.24 57.2300 12.2 1.013 1.099 nan nan
110.497 58.26 57.2500 12.1 1.012 1.086 nan nan
110.598 58.28 57.2800 11.8 1.005 1.037 nan nan
110.697 58.30 57.3000 11.8 1.007 1.046 nan nan
110.798 58.32 57.3200 11.7 1.005 1.027 nan nan
110.898 58.34 57.3400 11.5 0.999 0.985 nan nan
110.997 58.36 57.3600 11.7 1.003 1.017 nan nan
111.098 58.38 57.3800 11.7 1.004 1.023 nan nan
111.197 58.40 57.3900 11.9 1.008 1.051 nan nan
111.298 58.42 57.4200 11.5 0.999 0.982 nan nan
111.398 58.44 57.4700 10.2 0.969 0.773 nan nan
111.496 58.46 57.4600 11.6 0.999 0.993 nan nan
111.598 58.48 57.4800 11.8 1.004 1.033 nan nan
111.697 58.50 57.4900 12.1 1.010 1.071 nan nan
111.797 58.52 57.5200 11.9 1.006 1.039 nan nan
111.898 58.54 57.5400 11.9 1.006 1.037 nan nan
111.996 58.56 57.5600 11.8 1.004 1.021 nan nan
112.098 58.58 57.5800 11.7 1.003 1.015 nan nan
112.197 58.60 57.6000 11.8 1.003 1.016 nan nan
112.297 58.62 57.6200 11.8 1.005 1.025 nan nan
112.398 58.64 57.6300 12.0 1.010 1.060 nan nan
112.497 58.66 57.6500 11.9 1.008 1.045 nan nan
112.597 58.68 57.6700 12.1 1.010 1.060 nan nan
112.696 58.70 57.7000 11.6 0.999 0.980 nan nan
112.796 58.72 57.7100 12.0 1.010 1.056 nan nan
112.897 58.74 57.7300 11.9 1.008 1.040 nan nan
112.995 58.76 57.7600 11.8 1.006 1.023 nan nan
113.097 58.78 57.7900 11.4 0.995 0.948 nan nan
113.197 58.80 57.7900 12.1 1.011 1.063 nan nan
113.296 58.82 57.8200 11.5 0.998 0.967 nan nan
113.397 58.84 57.8300 12.1 1.010 1.055 nan nan
113.495 58.86 57.8600 11.8 1.005 1.018 nan nan
113.597 58.88 57.8700 12.1 1.012 1.062 nan nan
113.697 58.90 57.8900 12.1 1.012 1.063 nan nan
113.796 58.92 57.9200 11.7 1.003 0.995 nan nan
113.897 58.94 57.9400 11.7 1.003 0.995 nan nan
113.996 58.96 57.9600 11.6 1.000 0.979 nan nan
114.096 58.98 57.9800 11.8 1.005 1.013 nan nan
114.197 59.00 58.0000 11.9 1.007 1.024 nan nan
114.296 59.02 58.0300 11.5 0.997 0.950 nan nan
114.397 59.04 58.0600 10.7 0.986 0.830 nan nan
114.496 59.06 58.0700 10.8 0.995 0.850 nan nan
114.596 59.08 58.0700 11.2 1.006 0.898 nan nan
114.697 59.10 58.0900 10.9 1.005 0.849 nan nan
114.796 59.12 58.1100 10.7 1.006 0.825 nan nan
114.896 59.13 58.1400 10.0 0.994 0.707 nan nan
114.996 59.15 58.1600 9.9 0.995 0.689 nan nan
115.096 59.17 58.1700 9.8 0.996 0.673 nan nan
115.197 59.19 58.1900 9.4 0.990 0.609 nan nan
115.296 59.20 58.2100 9.3 0.991 0.597 nan nan
115.396 59.22 58.1900 10.7 1.025 0.817 nan nan
115.496 59.23 58.2500 8.7 0.982 0.490 nan nan
115.597 59.25 58.2800 7.9 0.965 0.362 nan nan
115.696 59.26 58.2900 8.0 0.969 0.379 nan nan
115.796 59.28 58.3100 8.1 0.971 0.391 nan nan
115.896 59.29 58.3400 7.5 0.957 0.289 nan nan
115.996 59.31 58.3500 7.4 0.956 0.281 nan nan
116.097 59.32 58.3700 7.1 0.948 0.227 nan nan
116.196 59.33 58.3900 6.9 0.943 0.198 nan nan
116.296 59.35 58.4100 6.6 0.934 0.141 nan nan
116.397 59.36 58.4300 6.4 0.929 0.112 nan nan
116.496 59.37 58.4500 6.4 0.926 0.105 nan nan
116.596 59.39 58.4700 6.0 0.917 0.051 nan nan
116.696 59.40 58.4900 5.7 0.907 -0.001 nan nan
116.795 59.41 58.5400 4.3 0.871 -0.236 nan nan
116.896 59.42 58.5400 5.0 0.883 -0.122 nan nan
