# time_s  setpoint_c  celsius  duty_pct  err_real  err_pred  predicted_c  rate_c_s
2.008 28.98 28.8500 6.7 0.127 1.045 28.76 -0.0073
2.103 28.98 28.8200 7.5 0.159 1.164 28.68 -0.0120
2.202 28.99 28.8100 8.1 0.179 1.243 28.64 -0.0143
2.304 29.00 28.8300 7.8 0.169 1.217 28.70 -0.0105
2.403 29.01 28.8300 8.1 0.180 1.262 28.69 -0.0109
2.503 29.01 28.8300 8.3 0.187 1.295 28.70 -0.0105
2.603 29.02 28.8000 9.2 0.220 1.411 28.62 -0.0152
2.703 29.03 28.8000 9.3 0.228 1.442 28.63 -0.0148
2.803 29.04 28.7900 9.9 0.250 1.519 28.59 -0.0170
2.902 29.05 28.8100 9.7 0.243 1.495 28.65 -0.0134
3.004 29.06 28.8000 10.0 0.257 1.543 28.63 -0.0141
3.103 29.07 28.7700 10.9 0.293 1.667 28.54 -0.0193
3.202 29.08 28.7900 10.8 0.293 1.662 28.58 -0.0168
3.304 29.09 28.7800 11.2 0.310 1.719 28.56 -0.0180
3.402 29.10 28.7700 11.5 0.325 1.764 28.55 -0.0185
3.503 29.11 28.7700 11.7 0.337 1.799 28.55 -0.0185
3.603 29.12 28.7700 12.0 0.354 1.849 28.53 -0.0194
3.703 29.13 28.7400 12.8 0.385 1.948 28.47 -0.0231
3.803 29.14 28.7600 12.6 0.385 1.937 28.51 -0.0204
3.902 29.15 28.7500 12.9 0.400 1.980 28.50 -0.0208
4.004 29.16 28.7600 12.8 0.403 1.978 28.54 -0.0187
4.104 29.17 28.7600 13.1 0.419 2.022 28.52 -0.0193
4.203 29.19 28.7500 13.3 0.433 2.060 28.52 -0.0195
4.303 29.20 28.7300 14.1 0.467 2.161 28.45 -0.0234
4.403 29.21 28.7300 14.1 0.475 2.176 28.47 -0.0223
4.504 29.22 28.7400 14.2 0.483 2.185 28.49 -0.0209
4.603 29.23 28.7400 14.3 0.494 2.208 28.50 -0.0202
4.703 29.25 28.7200 14.9 0.524 2.296 28.44 -0.0234
4.804 29.26 28.7100 15.3 0.545 2.348 28.42 -0.0246
4.902 29.27 28.7100 15.6 0.564 2.393 28.40 -0.0253
5.003 29.28 28.7200 15.3 0.561 2.363 28.46 -0.0216
5.104 29.30 28.7100 15.7 0.585 2.426 28.43 -0.0234
5.203 29.31 28.7300 15.5 0.584 2.402 28.49 -0.0201
5.303 29.32 28.7100 16.1 0.614 2.485 28.43 -0.0231
5.403 29.34 28.7100 16.3 0.630 2.519 28.43 -0.0232
5.504 29.35 28.7000 16.7 0.654 2.576 28.40 -0.0247
5.603 29.36 28.7100 16.6 0.657 2.563 28.44 -0.0221
5.702 29.38 28.7000 17.0 0.682 2.625 28.41 -0.0239
5.804 29.39 28.6800 17.5 0.710 2.697 28.37 -0.0263
5.903 29.41 28.6900 17.3 0.711 2.676 28.42 -0.0232
6.003 29.42 28.6900 17.6 0.733 2.725 28.40 -0.0243
6.103 29.43 28.6800 18.0 0.755 2.774 28.38 -0.0253
6.203 29.45 28.6700 18.4 0.782 2.837 28.34 -0.0272
6.303 29.46 28.6700 18.3 0.789 2.832 28.37 -0.0252
6.402 29.48 28.6700 18.5 0.806 2.862 28.37 -0.0252
6.504 29.49 28.6800 18.4 0.811 2.852 28.41 -0.0228
6.603 29.51 28.6600 19.0 0.845 2.939 28.35 -0.0262
6.702 29.52 28.6800 18.8 0.847 2.914 28.40 -0.0230
6.804 29.54 28.6500 19.5 0.883 3.009 28.33 -0.0268
6.903 29.55 28.6500 19.6 0.898 3.030 28.34 -0.0263
7.003 29.57 28.6600 19.7 0.912 3.044 28.35 -0.0254
7.103 29.58 28.6300 20.5 0.953 3.153 28.27 -0.0300
7.203 29.60 28.6500 20.0 0.946 3.098 28.35 -0.0251
7.304 29.61 28.6100 21.3 1.007 3.270 28.21 -0.0335
7.402 29.63 28.6400 20.6 0.992 3.186 28.32 -0.0268
7.503 29.65 28.6400 20.6 1.003 3.190 28.34 -0.0253
7.604 29.66 28.6400 20.8 1.022 3.219 28.34 -0.0254
7.703 29.68 28.6200 21.5 1.060 3.317 28.26 -0.0295
7.803 29.69 28.6300 21.2 1.063 3.292 28.32 -0.0262
7.903 29.71 28.6200 21.8 1.094 3.361 28.27 -0.0287
8.004 29.73 28.6300 21.6 1.100 3.345 28.31 -0.0260
8.103 29.74 28.6200 22.0 1.127 3.401 28.28 -0.0276
8.202 29.76 28.6100 22.1 1.144 3.423 28.29 -0.0274
8.304 29.77 28.6000 22.7 1.177 3.499 28.24 -0.0302
8.402 29.79 28.6000 22.7 1.192 3.511 28.25 -0.0292
8.503 29.81 28.5900 23.0 1.215 3.552 28.23 -0.0299
8.603 29.82 28.5900 23.2 1.234 3.579 28.23 -0.0299
8.703 29.84 28.5900 23.3 1.252 3.602 28.23 -0.0296
8.803 29.86 28.6000 23.0 1.254 3.568 28.29 -0.0260
8.902 29.87 28.5900 23.5 1.286 3.638 28.25 -0.0284
9.004 29.89 28.6000 23.3 1.293 3.622 28.29 -0.0259
9.104 29.91 28.5700 24.1 1.334 3.724 28.21 -0.0303
9.203 29.92 28.5600 24.5 1.362 3.779 28.18 -0.0320
9.303 29.94 28.5700 24.3 1.367 3.755 28.23 -0.0289
9.403 29.96 28.5700 24.6 1.392 3.798 28.21 -0.0299
9.504 29.98 28.5600 24.9 1.418 3.846 28.18 -0.0311
9.603 29.99 28.5800 24.5 1.417 3.799 28.26 -0.0267
9.703 30.01 28.5600 25.0 1.448 3.866 28.21 -0.0291
9.805 30.03 28.5500 25.4 1.479 3.929 28.17 -0.0312
9.903 30.04 28.5600 25.2 1.484 3.904 28.22 -0.0281
10.003 30.06 28.5400 25.8 1.521 3.985 28.16 -0.0314
10.103 30.08 28.5500 25.7 1.532 3.979 28.19 -0.0294
10.203 30.10 28.5400 26.1 1.560 4.031 28.17 -0.0310
10.303 30.11 28.5400 26.0 1.572 4.031 28.19 -0.0293
10.402 30.13 28.5300 26.4 1.600 4.080 28.16 -0.0307
10.504 30.15 28.5200 26.8 1.629 4.135 28.13 -0.0324
10.604 30.17 28.5200 26.9 1.646 4.148 28.14 -0.0315
10.703 30.19 28.5100 27.3 1.678 4.212 28.10 -0.0338
10.803 30.20 28.5000 27.6 1.702 4.250 28.09 -0.0344
10.903 30.22 28.5100 27.5 1.714 4.243 28.12 -0.0325
11.003 30.24 28.5000 27.8 1.741 4.289 28.09 -0.0337
11.103 30.26 28.4900 28.1 1.765 4.328 28.08 -0.0344
11.203 30.27 28.4900 28.2 1.785 4.348 28.08 -0.0340
11.304 30.29 28.4800 28.4 1.809 4.383 28.07 -0.0345
11.402 30.31 28.4800 28.7 1.833 4.419 28.06 -0.0351
11.504 30.33 28.4800 28.6 1.845 4.412 28.09 -0.0331
11.604 30.35 28.4700 29.1 1.880 4.484 28.04 -0.0358
11.703 30.36 28.4800 28.9 1.886 4.456 28.09 -0.0326
11.803 30.38 28.4700 29.1 1.912 4.498 28.07 -0.0335
11.903 30.40 28.4800 29.1 1.926 4.497 28.09 -0.0320
12.003 30.42 28.4600 29.5 1.956 4.555 28.06 -0.0338
12.103 30.44 28.4500 29.9 1.986 4.609 28.02 -0.0355
12.202 30.46 28.4600 29.9 2.000 4.605 28.05 -0.0338
12.304 30.47 28.4500 30.1 2.024 4.640 28.04 -0.0344
12.402 30.49 28.4400 30.5 2.056 4.701 28.00 -0.0364
12.503 30.51 28.4500 30.2 2.059 4.661 28.06 -0.0325
12.604 30.53 28.4300 31.0 2.104 4.767 27.98 -0.0372
12.703 30.55 28.4400 30.8 2.112 4.744 28.02 -0.0344
12.803 30.57 28.4300 30.9 2.133 4.767 28.02 -0.0342
12.902 30.59 28.4400 30.8 2.143 4.752 28.06 -0.0318
13.004 30.60 28.4200 31.4 2.184 4.841 27.99 -0.0356
13.103 30.62 28.4100 31.7 2.209 4.877 27.98 -0.0361
13.202 30.64 28.4100 31.9 2.233 4.908 27.97 -0.0366
13.303 30.66 28.4200 31.6 2.237 4.871 28.03 -0.0329
13.403 30.68 28.4300 31.6 2.253 4.875 28.05 -0.0317
13.503 30.70 28.4300 31.6 2.272 4.891 28.05 -0.0311
13.603 30.72 28.4100 32.2 2.309 4.970 28.00 -0.0342
13.703 30.73 28.4100 32.3 2.326 4.977 28.01 -0.0332
13.803 30.75 28.3800 33.1 2.375 5.092 27.92 -0.0384
13.902 30.77 28.4000 32.6 2.372 5.029 28.00 -0.0332
14.004 30.79 28.4000 32.8 2.395 5.058 27.99 -0.0335
14.104 30.81 28.4000 32.8 2.411 5.062 28.01 -0.0323
14.203 30.83 28.3900 33.2 2.442 5.118 27.98 -0.0341
14.303 30.85 28.4000 32.8 2.444 5.072 28.05 -0.0299
14.403 30.87 28.3900 33.2 2.474 5.126 28.01 -0.0317
14.504 30.89 28.3900 33.3 2.494 5.143 28.02 -0.0312
14.603 30.90 28.3800 33.6 2.520 5.181 28.00 -0.0320
14.702 30.92 28.4000 33.4 2.529 5.158 28.04 -0.0292
14.804 30.94 28.3800 34.0 2.568 5.242 27.98 -0.0327
