# time_s  celsius  duty_pct
5.537 24.9700 2.5
6.039 24.9000 3.2
6.540 24.8600 3.8
7.041 24.8100 4.3
7.543 24.7200 5.2
8.044 24.8600 4.3
8.546 24.7900 5.0
9.047 24.7900 5.2
9.549 24.6600 6.6
10.050 24.6800 6.5
10.552 24.6400 7.1
11.053 24.7500 6.4
11.555 24.6400 7.6
12.056 24.6600 7.6
12.557 24.6600 7.8
13.059 24.5900 8.7
13.560 24.4600 10.0
14.062 24.6400 8.7
14.563 24.6400 9.0
15.065 24.6200 9.5
15.566 24.5900 10.0
16.067 24.5900 10.3
16.569 24.5500 11.0
17.069 24.5700 11.1
17.571 24.5500 11.6
18.072 24.5700 11.8
18.574 24.5100 12.6
19.075 24.6200 12.1
19.577 24.6200 12.4
20.078 24.5700 13.2
20.580 24.6400 13.0
21.081 24.5900 13.8
21.582 24.6200 14.0
22.084 24.6800 13.8
22.585 24.5700 15.2
23.087 24.6600 14.8
23.588 24.6800 15.1
24.089 24.7700 14.8
24.591 24.6600 16.2
25.092 24.7000 16.3
25.594 24.7000 16.7
26.095 24.7900 16.4
26.597 24.8100 16.8
27.098 24.8100 17.2
27.599 24.8800 17.2
28.101 24.8800 17.7
28.602 24.9200 17.9
29.104 24.9700 18.0
29.605 24.9900 18.4
30.107 24.9900 18.9
30.608 25.0600 18.9
31.110 25.1400 18.8
31.611 25.3200 17.9
32.111 25.1900 19.6
32.613 25.3000 19.3
33.114 25.3400 19.6
33.616 25.3600 20.0
34.117 25.4700 19.7
34.619 25.5200 20.0
35.120 25.5800 20.1
35.622 25.6500 20.2
36.123 25.6900 20.5
36.625 25.7400 20.8
37.126 25.8300 20.8
37.627 25.8700 21.1
38.129 25.9400 21.2
38.630 26.0000 21.4
39.132 26.1100 21.2
39.633 26.2000 21.2
40.134 26.2300 21.7
40.636 26.3100 21.7
41.137 26.4300 21.5
41.639 26.4900 21.8
42.140 26.4500 22.9
42.642 26.6700 21.8
43.143 26.8300 21.3
43.645 27.0300 20.4
44.146 27.0000 21.5
44.648 27.0000 22.3
45.149 27.1800 21.6
45.651 27.2700 21.7
46.152 27.3600 21.8
46.653 27.5000 21.5
47.154 27.5400 22.0
47.655 27.6500 21.9
48.157 27.8100 21.5
48.658 27.9000 21.6
49.160 27.9700 21.9
49.661 28.0400 22.2
50.163 28.2200 21.6
50.665 28.3100 21.8
51.166 28.5800 20.4
51.667 28.5600 21.6
52.169 28.6700 21.5
52.670 28.7800 21.5
53.172 28.9200 21.3
53.673 29.0500 21.1
54.174 29.1900 20.9
54.676 29.3500 20.5
55.177 29.4600 20.5
55.679 29.5600 20.7
56.180 29.7400 20.1
56.682 29.8500 20.2
57.183 29.9500 20.4
57.685 30.1300 19.8
58.186 30.2500 19.9
58.687 30.4100 19.5
59.189 30.3600 20.9
59.690 30.7300 18.8
60.192 30.7500 19.6
60.693 30.9400 19.0
61.194 31.0800 18.9
61.695 31.2200 18.7
62.196 31.4500 17.8
62.698 31.5200 18.3
63.199 31.6900 17.9
63.701 31.8500 17.6
64.202 31.9900 17.5
64.703 32.0900 17.7
65.205 32.2800 17.2
65.706 32.4200 17.1
66.208 32.4400 17.9
66.710 32.7300 16.5
67.211 32.8900 16.2
67.713 33.0600 15.8
68.214 33.1600 16.1
68.715 33.3000 16.0
69.217 33.4900 15.4
69.718 33.5900 15.7
70.220 33.7800 15.1
70.721 33.9500 14.8
71.222 34.0500 15.0
71.724 34.3200 13.8
72.225 34.3400 14.7
72.727 34.5300 14.1
73.228 34.6800 14.0
73.730 34.8500 13.6
74.231 35.2000 11.8
74.732 35.0500 14.1
75.234 35.3000 13.1
75.735 35.4700 12.7
76.236 35.7400 11.5
76.737 35.7700 12.4
77.239 35.8700 12.6
77.740 36.0200 12.4
78.242 36.1400 12.4
78.743 36.3900 11.3
79.245 36.4400 11.9
79.746 36.6200 11.5
80.248 36.7200 11.7
80.749 36.9200 11.0
81.251 37.1800 9.9
81.752 37.4600 8.6
82.254 37.4100 10.1
82.756 37.5100 10.3
83.257 37.6900 9.8
83.759 37.9200 8.9
84.260 37.9500 9.8
84.762 38.2300 8.4
85.263 38.1500 10.1
85.764 38.4900 8.2
86.266 38.5200 9.0
86.767 38.6200 9.2
87.269 38.7500 9.1
87.770 38.9100 8.7
88.272 39.0100 8.8
88.773 39.1700 8.5
89.275 39.3800 7.7
89.776 39.4100 8.4
90.277 39.5400 8.3
90.778 39.7000 7.9
91.279 39.6500 9.3
91.781 39.9700 7.5
92.282 40.3400 5.4
92.784 40.1800 7.8
93.285 40.2400 8.2
93.787 40.4800 7.1
94.288 40.5900 7.2
94.789 40.6100 7.9
95.291 40.7800 7.4
95.792 40.8900 7.4
96.294 41.0200 7.2
96.795 41.1000 7.4
97.297 41.1300 8.1
97.798 41.3000 7.6
98.299 41.4600 7.1
98.801 41.6000 6.8
99.303 41.7100 6.8
99.804 41.7600 7.2
100.306 41.8500 7.4
100.807 41.9300 7.6
101.309 42.1500 6.6
101.810 42.1300 7.7
102.312 42.1500 8.3
102.813 42.4000 7.0
103.315 42.3500 8.3
103.816 42.5700 7.3
104.318 42.6000 7.9
104.819 42.7400 7.5
105.320 42.8300 7.7
105.821 42.9700 7.3
106.323 43.0000 7.9
106.824 43.1100 7.8
107.326 43.2000 7.9
107.827 43.2800 8.0
108.329 43.4000 7.8
108.830 43.4000 8.7
109.332 43.5100 8.5
109.833 43.6000 8.5
110.334 43.6800 8.6
110.836 43.8600 8.0
111.337 43.8000 9.2
111.839 43.8600 9.5
112.340 43.9700 9.3
112.841 44.0600 9.3
113.343 44.1800 9.1
113.845 44.2700 9.2
114.346 44.3800 9.0
114.848 44.4400 9.3
115.350 44.4700 9.8
115.851 44.6500 9.1
116.352 44.5300 10.9
116.854 45.0000 7.7
117.355 44.8200 10.0
117.857 44.8800 10.3
118.358 44.9100 10.8
118.860 45.0300 10.5
119.361 45.1200 10.5
119.862 45.0000 12.3
120.363 45.2400 11.0
120.865 45.2700 11.5
121.366 45.3900 11.2
121.867 45.6600 9.7
122.369 45.5700 11.3
122.870 45.6000 11.8
123.372 45.6300 12.2
123.873 45.5400 13.7
124.375 45.6600 13.4
124.876 45.8400 12.6
125.378 45.9300 12.6
125.879 45.9600 13.0
126.381 46.0800 12.8
126.882 46.1400 13.0
127.384 46.1700 13.5
127.885 46.2600 13.4
128.387 46.3800 13.2
128.888 46.3500 14.2
129.390 46.4800 13.9
129.891 46.5400 14.1
130.393 46.6000 14.3
130.894 46.7500 13.8
131.396 46.7200 14.8
131.898 46.8700 14.2
132.399 46.9400 14.5
132.901 46.9400 15.2
133.402 47.0600 14.9
133.903 47.1500 14.9
134.404 47.1800 15.4
134.906 47.2800 15.4
135.407 47.3700 15.4
135.908 47.3400 16.4
136.410 47.6200 14.8
136.911 47.5300 16.4
137.413 47.5600 16.8
137.914 47.6900 16.5
138.416 47.8700 15.7
138.917 47.7800 17.3
139.418 47.5300 20.1
139.920 48.0000 16.8
140.421 48.0600 17.0
140.923 48.3500 15.4
141.424 48.2500 17.1
141.925 48.1600 18.6
142.427 48.3200 18.0
142.928 48.4100 18.0
143.430 48.3800 19.0
143.931 48.5700 18.1
144.433 48.6700 18.1
144.934 48.8000 17.8
145.435 48.7700 18.9
145.937 48.8600 18.9
146.438 48.9900 18.6
146.940 48.9900 19.4
147.441 49.0600 19.6
147.943 49.1200 19.8
148.444 49.2500 19.5
148.945 49.3200 19.8
149.446 49.6100 18.1
149.947 49.4200 20.6
150.449 49.4800 20.8
150.950 49.7100 19.6
151.452 49.7100 20.5
151.953 49.7800 20.7
152.455 49.8800 20.7
152.956 49.9100 21.2
153.458 50.0400 20.9
153.959 50.1400 20.8
154.461 50.1400 21.6
154.962 50.4100 20.2
155.463 50.3800 21.3
155.965 50.4800 21.3
156.466 50.4100 22.7
156.968 50.7200 20.9
157.469 50.7200 21.8
157.970 50.8800 21.2
158.472 50.7200 23.4
158.973 51.0500 21.4
159.475 51.0500 22.2
159.976 51.1900 21.9
160.478 51.4700 20.5
160.979 51.5000 21.1
161.480 51.5000 22.0
161.982 51.5000 22.8
162.483 51.6700 22.2
162.985 51.7800 22.2
163.486 51.9500 21.6
163.987 52.0200 21.9
164.488 52.0900 22.2
164.990 52.2300 21.9
165.491 52.4400 21.0
165.992 52.4800 21.7
166.494 52.5500 22.0
166.995 52.5100 23.2
167.497 52.7300 22.2
167.998 52.8700 21.9
168.499 53.0100 21.6
169.001 53.0800 21.9
169.502 53.1900 21.9
170.004 53.3700 21.4
170.505 53.4400 21.7
171.007 53.5500 21.7
171.508 53.5200 22.9
172.010 53.7300 22.0
172.511 53.8800 21.7
173.012 53.8800 22.6
173.514 54.1400 21.3
174.015 54.2100 21.6
174.517 54.4700 20.4
175.018 54.5400 20.8
175.519 54.5400 21.7
176.021 54.5800 22.3
176.522 54.6900 22.3
177.024 54.9500 21.0
177.525 55.0700 21.0
178.026 55.1100 21.7
178.527 55.0700 22.9
179.028 55.4100 20.9
179.530 55.6000 20.3
180.031 55.7900 19.7
180.533 55.6400 21.9
181.035 55.9800 20.0
181.536 56.1000 20.0
182.038 56.1400 20.6
182.539 56.5300 18.3
183.040 56.3700 20.7
183.542 56.2900 22.3
184.043 56.4900 21.5
184.544 55.3700 31.8
185.046 57.0000 18.6
185.547 57.0800 19.0
186.049 57.1600 19.4
186.550 57.3200 19.0
187.052 57.4400 19.0
187.553 57.5200 19.4
188.055 57.6800 19.0
188.556 57.5600 21.0
189.058 58.1300 17.2
189.559 58.0100 19.3
190.061 58.0100 20.2
190.562 58.2900 18.8
191.063 58.4600 18.4
191.565 58.6200 18.0
192.066 58.7500 18.0
192.568 58.7900 18.6
193.069 58.9600 18.2
193.569 59.0800 18.1
194.071 59.1200 18.7
194.572 59.3300 17.9
195.074 59.5900 16.8
195.575 59.8000 16.0
196.076 59.8400 16.7
196.578 59.9700 16.6
197.080 60.1000 16.5
197.581 60.0600 17.9
198.082 60.2300 17.4
198.584 60.3600 17.2
199.085 60.4500 17.5
199.587 60.5400 17.7
200.088 60.6700 17.5
200.590 60.9800 15.8
201.091 60.9300 17.2
201.592 61.0600 17.0
202.094 61.1100 17.6
202.595 61.1100 18.5
203.097 61.4600 16.4
203.598 61.5100 16.9
204.100 61.6000 17.1
204.601 61.8700 15.8
205.102 61.8700 16.7
205.604 61.9200 17.2
206.105 62.0100 17.4
206.607 62.1900 16.7
207.108 62.4200 15.7
207.609 62.4700 16.3
208.111 62.6500 15.7
208.611 62.7900 15.4
209.113 62.5600 18.3
209.614 62.8800 16.4
210.115 63.1600 15.0
210.617 63.0700 16.7
211.118 63.2100 16.4
211.620 63.3500 16.1
212.121 63.4500 16.2
212.623 63.5900 15.9
213.124 63.6400 16.4
213.626 63.9200 14.9
214.127 63.8800 16.2
214.629 63.9200 16.7
215.130 64.1700 15.5
215.631 64.4600 14.0
216.133 64.2600 16.6
216.634 64.4600 15.8
217.136 64.4600 16.7
217.637 64.6500 15.9
218.139 64.7500 16.0
218.640 64.9500 15.2
219.142 65.1500 14.4
219.643 64.3100 22.3
220.144 65.1900 15.5
220.646 65.1900 16.4
221.147 65.3900 15.6
221.648 65.3400 16.9
222.150 65.3900 17.3
222.651 65.6000 16.4
223.152 65.7000 16.4
223.653 65.9500 15.2
224.155 65.8500 16.9
224.656 66.0000 16.5
225.157 66.1500 16.0
225.659 66.1000 17.3
226.160 66.2000 17.3
226.662 66.2600 17.6
227.163 66.6200 15.4
227.664 66.3600 18.5
228.166 66.8800 14.9
228.667 66.6700 17.6
229.169 66.7700 17.5
229.670 66.8800 17.4
230.172 67.0300 16.9
230.673 67.0900 17.3
231.175 67.2400 16.8
231.676 67.0300 19.4
232.177 67.4600 16.6
232.679 67.5100 17.0
233.180 67.6200 17.0
233.682 67.5600 18.2
234.183 67.7200 17.7
234.685 67.7800 18.1
235.186 67.8300 18.4
235.687 68.0500 17.4
236.189 68.3200 16.0
236.690 68.2100 17.8
237.192 68.2100 18.6
237.693 68.4300 17.6
238.194 68.2600 19.7
238.695 68.5900 17.7
239.196 68.5900 18.6
239.698 68.8100 17.5
240.199 68.4800 21.1
240.701 68.7000 20.0
241.202 68.8700 19.4
241.703 68.8700 20.1
242.205 69.1400 18.6
242.706 69.1400 19.4
243.208 69.2500 19.2
243.709 69.3700 19.1
244.210 69.5400 18.5
244.712 69.2500 21.7
245.213 69.5400 20.1
245.715 69.6500 19.9
246.216 69.8200 19.3
246.718 69.8800 19.6
247.219 70.1600 18.1
247.721 70.1000 19.4
248.222 70.2800 18.8
248.724 70.1000 21.1
249.225 70.2200 20.9
249.727 70.3900 20.2
250.228 70.5100 20.1
250.730 70.8000 18.4
251.231 70.6800 20.3
251.732 70.6800 21.1
252.234 70.8000 20.9
252.735 70.9200 20.7
253.236 71.1500 19.6
253.737 71.0900 20.9
254.238 71.1500 21.2
254.740 71.2100 21.5
255.241 71.5100 19.8
255.743 71.2100 23.1
256.244 71.6300 20.4
256.746 71.6300 21.2
257.247 71.8100 20.5
257.748 71.8100 21.4
258.250 71.8700 21.7
258.751 72.0500 21.0
259.252 72.2400 20.3
259.754 72.6700 17.6
260.255 72.3600 21.1
260.757 72.3000 22.5
261.258 72.4200 22.2
261.760 72.5400 22.0
262.262 72.6000 22.2
262.763 72.7900 21.5
263.265 72.7300 22.9
263.766 72.8500 22.6
264.267 73.0400 21.8
264.769 73.1600 21.6
265.271 73.1600 22.5
265.772 73.2300 22.8
266.273 73.4200 22.0
266.775 73.5400 21.8
267.276 74.1200 17.8
267.777 73.6700 22.6
268.278 73.8000 22.3
268.779 73.8000 23.1
269.281 73.8600 23.4
269.782 74.2500 21.0
270.284 74.3100 21.3
270.785 74.0500 24.4
271.287 74.2500 23.5
271.788 74.3100 23.7
272.290 74.7100 21.3
272.791 74.3100 25.4
273.292 74.7700 22.3
273.794 74.9000 22.1
274.295 75.1000 21.3
274.797 74.9700 23.3
275.298 74.9700 24.2
275.799 75.3000 22.2
276.301 75.3000 23.1
276.802 74.9000 27.2
277.304 75.4400 23.4
277.805 75.5000 23.7
278.307 75.4400 25.1
278.808 75.9100 22.0
279.310 76.1800 20.6
279.811 75.9800 23.3
280.313 75.9100 24.7
280.814 76.1200 23.8
281.316 76.5300 21.1
281.817 76.3200 23.9
282.318 76.7400 21.2
282.819 77.0200 19.8
283.320 76.7400 23.2
283.822 77.2400 19.9
284.323 77.0900 22.1
284.824 77.3800 20.6
285.326 77.3800 21.6
285.827 77.2400 23.7
286.329 77.5200 22.1
286.830 77.5200 23.0
287.332 77.6600 22.7
287.833 77.8800 21.8
288.334 77.8800 22.7
288.836 78.1000 21.7
289.337 78.2400 21.4
289.839 78.3900 21.1
290.340 78.4600 21.4
290.842 78.6100 21.1
291.343 78.3900 23.9
291.844 78.6100 22.8
292.346 78.6900 23.1
292.847 78.9100 22.1
293.349 78.8300 23.6
293.850 79.1300 21.9
294.352 78.9800 24.0
294.853 79.2100 23.0
295.355 79.5900 20.7
295.856 79.6600 21.0
296.358 79.5900 22.6
296.859 79.5900 23.4
297.361 79.8900 21.7
297.861 79.7400 23.9
298.362 80.0500 22.1
298.864 79.8900 24.3
299.365 80.3600 21.2
299.866 80.6700 19.5
300.368 80.4300 22.5
300.869 80.5900 22.1
301.371 80.8300 21.0
301.872 80.7500 22.6
302.374 80.9100 22.1
302.875 81.0700 21.7
303.376 81.2300 21.2
303.878 81.3100 21.5
304.379 81.3900 21.7
304.881 81.6300 20.6
305.382 81.7100 20.8
305.884 81.6300 22.4
306.385 81.7900 21.9
306.886 81.4700 25.5
307.388 82.2000 20.1
307.889 81.9500 23.1
308.391 82.2800 21.2
308.892 81.8700 25.5
309.393 82.5300 20.7
309.895 82.2000 24.4
310.396 82.5300 22.4
310.898 82.6100 22.6
311.400 82.7800 22.1
311.901 82.2800 27.1
312.402 82.9500 22.2
312.903 83.2900 20.3
313.405 83.2000 21.9
313.906 81.8700 34.0
314.408 83.2900 22.5
314.909 83.8900 18.4
315.411 83.8000 20.2
315.912 83.8000 21.1
316.414 83.8000 22.1
316.915 83.9800 21.5
317.417 84.3300 19.5
317.918 84.0600 22.7
318.420 84.4100 20.6
318.921 84.7700 18.6
319.423 84.7700 19.6
319.924 84.6800 21.3
320.425 84.7700 21.5
320.927 85.2200 18.6
321.428 84.7700 23.4
321.930 85.0400 21.9
322.431 85.1300 22.0
322.933 85.4900 19.8
323.434 85.7600 18.5
323.936 85.5800 21.0
324.437 85.7600 20.4
324.939 85.7600 21.3
325.440 85.4900 24.4
325.941 86.1300 19.8
326.443 86.1300 20.7
326.944 86.4100 19.2
327.445 86.3200 21.0
327.946 86.5000 20.3
328.448 86.6000 20.4
328.949 86.7900 19.7
329.451 86.9800 19.0
329.952 87.1700 18.4
330.454 86.9800 20.9
330.955 87.0700 21.0
331.456 87.2600 20.2
331.958 87.2600 21.1
332.459 87.5500 19.5
332.961 87.4600 21.2
333.462 87.6500 20.4
333.963 87.8500 19.7
334.465 87.8500 20.6
334.966 87.9400 20.6
335.468 88.3400 18.2
335.969 88.3400 19.1
336.470 88.3400 20.0
336.972 88.2400 21.7
337.473 88.5400 20.0
337.975 88.5400 20.9
338.476 88.6400 20.9
338.977 88.8400 20.0
339.479 88.9400 20.0
339.980 89.0400 20.1
340.482 89.2400 19.2
340.983 90.1800 12.3
341.485 88.8400 24.7
341.986 89.3500 21.1
342.486 89.6500 19.3
342.988 89.5500 21.0
343.490 89.7600 20.1
343.991 89.5500 22.7
344.492 89.6500 22.6
344.994 90.1800 18.9
345.495 89.5500 25.1
345.997 90.2800 19.6
346.498 90.1800 21.4
346.999 90.0700 23.1
347.501 90.3900 21.2
348.002 90.8100 18.4
348.504 90.8100 19.4
349.005 90.8100 20.3
349.507 90.4900 23.8
350.008 90.7000 22.7
350.509 91.2400 19.0
351.011 91.0300 21.7
351.512 91.1300 21.6
352.014 91.4600 19.7
352.515 91.3500 21.5
353.016 91.0300 25.0
353.518 91.9000 18.4
354.019 91.4600 23.0
354.520 91.7900 21.0
355.022 91.9000 20.9
355.523 91.9000 21.8
356.025 92.2300 19.8
356.526 91.9000 23.5
357.027 92.3400 20.5
357.528 92.9100 16.7
358.029 92.5700 20.6
358.531 92.5700 21.4
359.032 92.5700 22.2
359.534 92.9100 20.2
360.035 92.6800 22.9
360.537 93.2500 18.9
361.038 93.1400 20.8
361.540 93.0200 22.6
362.041 93.1400 22.4
362.543 93.1400 23.2
363.044 93.3700 22.0
363.545 93.6000 20.9
364.047 93.4800 22.7
364.548 93.3700 24.5
365.050 93.7200 22.3
365.551 93.9500 21.1
366.052 94.0700 21.0
366.554 94.0700 21.9
367.055 94.1900 21.7
367.557 94.0700 23.6
368.058 94.5400 20.3
368.559 94.1900 24.2
369.061 94.5400 22.0
369.562 94.3100 24.8
370.064 94.5400 23.5
370.565 94.9100 21.3
371.067 94.9100 22.2
371.568 94.9100 23.0
372.069 94.7800 24.8
372.570 95.5200 19.4
373.071 95.3900 21.4
373.573 95.3900 22.3
374.074 95.0300 26.2
374.575 95.6400 21.8
375.077 95.5200 23.7
375.578 96.0100 20.3
376.080 95.7600 23.3
376.582 95.7600 24.1
377.083 96.0100 22.8
377.585 96.1400 22.6
378.086 96.5200 20.3
378.588 96.3900 22.3
379.089 96.5200 22.1
379.590 96.6500 21.9
380.092 96.3900 24.9
380.593 96.7700 22.4
381.095 97.0300 21.1
381.596 96.9000 23.1
382.097 96.9000 23.9
382.599 97.2900 21.5
383.100 97.4200 21.3
383.602 97.4200 22.2
384.103 98.4800 14.2
384.604 97.5500 23.2
385.106 97.4200 25.1
385.607 97.5500 24.7
386.109 98.8900 14.2
386.610 97.9500 23.3
387.111 98.3500 20.7
387.612 97.8200 26.1
388.113 98.3500 22.3
388.615 98.8900 18.6
389.116 98.4800 23.0
389.617 98.2100 26.1
390.119 98.4800 24.5
390.620 98.7500 23.0
391.122 98.4800 26.1
391.623 99.0300 22.2
392.125 99.0300 23.1
392.627 99.3000 21.6
393.128 99.8600 17.9
393.630 99.7200 20.1
394.131 99.1600 25.7
394.633 99.3000 25.2
395.134 99.7200 22.5
395.635 100.2800 18.6
396.137 100.0000 22.0
396.638 100.0000 22.9
397.140 100.2800 21.3
397.641 100.2800 22.2
398.142 99.8600 26.6
398.644 100.8600 18.9
399.145 101.1500 17.5
399.647 100.7100 22.2
400.148 100.8600 21.8
400.649 101.1500 20.2
401.151 101.3000 19.9
401.652 101.5900 18.4
402.153 101.1500 23.1
402.654 101.7500 18.9
403.156 102.0500 17.3
403.657 101.7500 20.9
404.159 102.2000 18.0
404.660 102.0500 20.2
405.161 102.3500 18.6
405.663 102.2000 20.8
406.164 102.2000 21.6
406.666 102.8100 17.3
407.167 103.4300 13.2
407.668 102.5000 22.0
408.170 102.8100 20.2
408.672 103.5800 14.6
409.173 103.4300 17.0
409.675 103.4300 17.9
410.176 103.4300 18.9
410.677 103.7400 17.1
411.179 103.7400 18.1
411.680 103.7400 18.9
412.181 103.2700 23.7
412.683 104.2200 16.4
413.184 104.0600 18.7
413.686 104.0600 19.6
414.187 104.3800 17.7
414.689 104.3800 18.6
415.190 104.3800 19.5
415.692 104.3800 20.3
416.193 105.1900 14.3
416.694 105.1900 15.3
417.195 105.1900 16.3
417.696 105.3600 15.8
418.198 105.5300 15.4
418.699 105.8600 13.6
419.201 105.6900 16.0
419.702 105.5300 18.3
420.204 105.8600 16.3
420.705 105.8600 17.2
421.206 106.0300 16.6
421.708 106.0300 17.5
422.209 105.8600 19.7
422.711 106.3700 16.2
423.212 106.2000 18.5
423.714 106.5400 16.4
424.215 106.7100 15.8
424.717 107.2300 12.4
425.218 107.2300 13.4
425.720 107.7600 9.9
426.221 106.8900 18.4
426.723 107.2300 16.2
427.224 107.4100 15.6
427.726 106.8900 20.8
428.227 107.4100 17.0
428.728 107.7600 14.9
429.230 108.6700 8.2
429.731 107.2300 21.3
430.233 107.9400 16.0
430.734 108.3000 13.8
431.236 108.3000 14.7
431.736 108.3000 15.6
432.237 108.4800 14.9
432.739 108.6700 14.2
433.240 108.4800 16.6
433.741 108.3000 18.9
434.243 108.8500 15.0
434.744 108.8500 15.9
435.246 107.9400 24.2
435.747 108.4800 20.2
436.249 109.5900 11.6
436.750 109.0300 17.2
437.252 109.0300 18.0
437.753 109.5900 14.1
438.254 109.5900 15.0
438.756 109.2200 18.9
439.257 109.7800 14.9
439.759 109.9700 14.2
440.260 110.1600 13.5
440.762 109.4000 20.8
441.264 110.1600 15.0
441.765 109.9700 17.5
442.266 109.9700 18.2
442.768 109.9700 18.9
443.269 110.1600 18.0
443.771 110.9300 12.3
444.272 109.2200 27.6
444.774 110.3500 18.5
445.275 110.1600 20.8
445.777 110.3500 19.9
446.277 111.3300 12.4
446.779 110.3500 21.6
447.280 110.3500 22.2
447.781 110.5400 21.2
448.283 110.7400 20.2
448.784 111.1300 17.7
449.286 110.7400 21.8
449.787 110.7400 22.4
450.289 110.5400 24.7
450.790 110.7400 23.6
451.292 110.9300 22.6
451.793 110.9300 23.3
452.294 111.3300 20.6
452.796 110.9300 24.7
453.297 111.1300 23.7
453.798 111.1300 24.3
454.300 110.7400 28.2
454.801 110.9300 27.1
455.303 111.7200 21.1
455.804 111.1300 26.9
456.306 112.1300 19.1
456.807 110.5400 33.3
457.309 112.3300 18.7
457.810 111.5200 26.4
458.312 111.5200 27.1
458.813 112.1300 22.7
459.314 111.7200 26.9
459.816 112.5300 20.8
460.317 111.9200 26.8
460.819 113.3600 15.5
461.319 111.7200 30.3
461.821 111.7200 30.8
462.322 112.3300 26.3
462.824 112.7400 23.6
463.325 112.1300 29.6
463.826 112.5300 26.8
464.328 111.7200 34.3
464.829 112.9400 24.5
465.331 112.5300 28.8
465.832 112.7400 27.8
466.333 112.7400 28.6
466.835 112.9400 27.6
467.336 113.5700 23.1
467.838 112.9400 29.3
468.339 113.1500 28.3
468.840 114.0000 22.0
469.342 113.5700 26.6
469.843 113.3600 29.2
470.345 112.9400 33.4
470.846 113.7800 26.9
471.347 113.7800 27.8
471.849 114.0000 26.8
472.350 113.7800 29.5
472.852 113.7800 30.2
473.353 114.0000 29.2
473.855 113.3600 35.3
474.357 113.5700 34.1
474.858 114.0000 31.1
475.359 115.5300 19.1
475.861 114.8600 25.9
476.361 113.5700 37.5
476.863 114.8600 27.1
477.364 114.8600 27.9
477.866 115.0800 26.8
478.367 114.6400 31.2
478.868 115.3000 26.3
479.370 113.3600 43.3
479.871 115.7500 23.4
480.373 115.5300 26.2
480.874 115.7500 25.1
481.375 115.9800 24.0
481.877 115.7500 26.7
482.378 115.7500 27.4
482.880 116.4300 22.4
483.381 115.0800 34.5
483.882 115.9800 27.3
484.384 115.9800 27.9
484.885 116.4300 24.7
485.387 117.1300 19.6
485.888 117.1300 20.5
486.389 116.8900 23.3
486.891 117.3600 20.1
487.392 118.3200 12.9
487.894 117.1300 23.9
488.395 116.2000 32.2
488.897 116.8900 26.6
489.398 118.5600 13.2
489.900 116.4300 31.9
490.401 117.6000 22.4
490.902 117.3600 24.9
491.403 118.0800 19.4
491.905 118.3200 18.1
492.406 119.3000 10.6
492.908 117.3600 27.8
493.409 118.8100 15.9
493.910 118.5600 18.7
494.412 118.8100 17.2
494.913 118.8100 17.8
495.415 118.0800 24.5
495.916 118.5600 20.7
496.418 118.5600 21.1
496.919 119.3000 15.3
497.420 119.8000 11.8
497.922 119.0500 18.8
498.423 119.3000 17.1
498.925 119.0500 19.6
499.426 119.5500 15.8
499.927 119.3000 18.4
500.429 119.3000 18.8
500.930 119.8000 14.9
501.432 119.3000 19.6
501.933 121.0900 4.9
502.435 119.5500 18.6
502.936 120.3100 12.5
503.437 120.5700 10.8
503.939 120.5700 11.4
504.440 119.8000 18.3
504.942 120.8300 9.9
505.443 120.8300 10.4
505.944 121.0900 8.7
506.445 120.0600 17.8
506.947 120.5700 13.7
507.448 121.0900 9.6
507.950 122.1500 1.1
508.451 121.6200 6.4
508.953 120.3100 17.8
509.454 121.0900 11.3
509.955 121.6200 7.1
510.457 122.1500 3.1
510.958 122.1500 3.6
511.460 120.8300 15.2
511.961 121.8800 6.4
512.462 121.6200 9.0
512.964 122.1500 4.7
513.465 121.8800 7.4
513.967 121.8800 7.6
514.468 121.8800 7.8
514.969 121.8800 8.1
515.471 122.7000 1.4
515.972 122.9700 0.0
516.474 122.1500 7.1
516.975 122.4300 4.9
517.476 122.7000 2.9
517.978 121.8800 10.0
518.479 122.4300 5.4
518.981 122.7000 3.3
519.482 122.4300 5.8
519.984 123.8100 0.0
520.485 122.9700 2.1
520.986 122.7000 4.6
521.487 123.5300 0.0
521.988 122.4300 7.5
522.490 122.9700 2.9
522.991 122.4300 7.6
523.493 122.9700 2.9
523.994 122.4300 7.6
524.496 122.1500 9.8
524.997 123.2500 0.4
525.498 123.2500 0.6
526.000 121.8800 12.2
526.502 123.2500 0.5
527.003 122.9700 3.0
527.504 122.7000 5.3
528.006 122.1500 9.8
528.507 122.1500 9.6
529.009 122.7000 4.8
529.510 123.2500 0.2
530.011 122.4300 7.2
530.513 122.9700 2.5
531.014 123.2500 0.2
531.516 122.4300 7.3
532.017 122.7000 4.8
532.519 122.9700 2.5
533.020 122.7000 4.8
533.521 121.6200 13.8
534.023 121.8800 11.1
534.524 122.9700 1.6
535.026 122.9700 1.7
535.527 121.6200 13.1
536.028 122.9700 1.4
536.529 122.1500 8.3
537.030 122.1500 8.1
537.532 122.4300 5.6
538.033 121.8800 10.1
538.534 121.3500 14.2
539.036 122.4300 4.8
539.538 121.6200 11.6
540.039 121.6200 11.2
540.541 121.6200 10.9
541.042 121.0900 15.1
541.543 122.1500 5.8
542.045 122.1500 5.8
542.546 121.6200 10.2
543.048 120.8300 16.6
543.549 120.8300 16.1
544.051 121.6200 9.1
544.552 122.4300 2.3
545.053 121.3500 11.4
545.555 121.6200 9.0
546.056 121.6200 8.9
546.558 121.6200 8.8
547.059 121.3500 10.9
547.560 120.3100 19.4
548.062 121.3500 10.2
548.563 119.5500 25.1
549.064 121.3500 9.3
549.566 121.8800 4.8
550.067 120.3100 18.1
550.569 121.6200 6.8
551.069 119.8000 22.0
551.571 120.8300 12.9
552.072 120.8300 12.7
552.573 120.8300 12.6
553.075 120.5700 14.6
553.576 120.3100 16.6
554.078 121.0900 9.8
554.579 120.0600 18.4
555.081 120.5700 13.8
555.582 120.0600 18.0
556.084 119.8000 19.8
556.585 119.8000 19.4
557.087 121.6200 3.9
557.588 119.5500 21.5
558.090 119.5500 21.1
558.591 119.0500 24.9
559.092 120.0600 16.0
559.594 120.3100 13.8
560.095 119.5500 20.1
560.597 120.3100 13.5
561.098 119.3000 21.9
561.600 119.8000 17.4
562.101 119.5500 19.4
562.603 119.3000 21.3
563.104 119.3000 21.0
563.605 119.0500 22.9
564.107 119.3000 20.5
564.608 119.8000 16.1
565.110 118.8100 24.5
565.611 119.3000 20.0
566.111 119.3000 19.9
566.613 119.5500 17.7
567.114 118.8100 23.9
567.615 118.5600 25.6
568.117 119.3000 19.1
568.618 120.0600 12.8
569.120 118.8100 23.5
569.621 118.8100 23.3
570.123 120.0600 12.7
570.624 117.1300 37.4
571.126 118.3200 26.6
571.628 118.5600 24.3
572.129 118.5600 24.2
572.631 118.3200 26.0
573.132 118.8100 21.8
573.634 118.5600 23.8
574.135 119.3000 17.5
574.636 118.8100 21.8
575.138 119.3000 17.7
575.639 118.3200 26.1
576.141 118.0800 27.9
576.642 119.0500 19.5
577.143 118.5600 23.7
577.645 118.8100 21.6
578.146 118.8100 21.6
578.648 118.5600 23.7
579.149 119.0500 19.6
579.651 118.8100 21.8
580.152 118.5600 23.9
580.653 118.0800 27.8
581.154 118.8100 21.5
581.655 118.5600 23.7
582.157 118.3200 25.7
582.658 117.6000 31.6
583.159 118.5600 23.2
583.661 118.5600 23.2
584.162 118.5600 23.3
584.664 118.5600 23.3
585.165 118.0800 27.4
585.666 118.5600 23.2
586.168 118.0800 27.4
586.669 118.5600 23.2
587.171 117.8400 29.3
587.673 118.5600 23.1
588.174 118.8100 21.1
588.675 118.5600 23.4
589.177 118.5600 23.4
589.678 119.3000 17.4
590.180 119.0500 19.8
590.681 118.5600 24.1
591.182 119.0500 20.0
591.684 119.3000 18.1
592.185 118.5600 24.6
592.687 118.8100 22.5
593.188 119.3000 18.5
593.689 117.6000 32.9
594.191 119.5500 16.2
594.692 119.0500 20.8
595.194 119.0500 20.9
595.694 119.0500 21.1
596.195 119.3000 19.1
596.697 118.0800 29.5
597.198 119.3000 19.1
597.700 119.0500 21.3
598.201 118.8100 23.5
598.703 118.8100 23.5
599.204 119.0500 21.5
599.706 118.8100 23.6
600.207 119.3000 19.5
600.709 119.8000 15.5
601.210 119.8000 15.9
601.711 118.8100 24.5
602.213 120.3100 11.9
602.714 119.5500 18.7
603.216 119.8000 16.8
603.717 120.0600 14.9
604.219 120.0600 15.2
604.720 120.0600 15.4
605.222 119.5500 19.9
605.724 120.5700 11.4
606.225 120.5700 11.8
606.727 120.3100 14.3
607.228 119.8000 18.8
607.730 119.3000 23.1
608.231 119.5500 20.8
608.733 120.0600 16.5
609.234 119.3000 23.0
609.736 119.8000 18.6
610.236 121.3500 5.7
610.737 120.0600 17.2
611.239 119.5500 21.5
611.740 120.5700 12.8
612.241 121.3500 6.6
612.743 120.3100 15.8
613.244 120.3100 15.8
613.746 119.5500 22.3
614.247 120.8300 11.4
614.749 119.5500 22.4
615.250 119.3000 24.2
615.751 121.8800 2.4
616.253 120.5700 14.0
616.754 119.0500 26.8
617.256 120.0600 18.0
617.757 121.0900 9.4
618.259 123.2500 0.0
618.760 121.0900 11.0
619.262 120.5700 15.5
619.763 120.8300 13.3
620.265 120.5700 15.6
620.767 122.1500 2.3
621.268 120.5700 16.1
621.769 121.0900 11.7
622.271 120.3100 18.3
622.772 121.0900 11.6
623.274 120.8300 13.9
623.775 120.3100 18.2
624.276 120.3100 18.0
624.777 120.8300 13.5
625.278 120.3100 17.9
625.780 120.5700 15.6
626.281 120.5700 15.5
626.782 121.0900 11.1
627.284 119.8000 22.0
627.785 121.0900 10.9
628.286 121.0900 11.1
628.788 120.8300 13.4
629.289 120.5700 15.6
629.791 121.3500 9.0
630.292 120.8300 13.6
630.794 120.8300 13.6
631.296 121.3500 9.2
631.797 120.5700 15.9
632.299 121.6200 7.1
632.800 121.6200 7.3
633.302 120.3100 18.5
633.803 121.3500 9.5
634.305 120.8300 14.1
634.806 120.8300 14.0
635.307 121.3500 9.6
635.809 121.8800 5.2
636.310 121.3500 10.0
636.812 120.0600 20.9
637.314 120.8300 14.0
637.815 120.0600 20.4
638.316 120.5700 15.8
638.818 121.0900 11.3
639.319 121.0900 11.3
639.820 120.8300 13.6
640.321 121.0900 11.3
640.822 121.3500 9.2
641.324 120.8300 13.7
641.825 121.3500 9.2
642.327 120.5700 15.9
642.828 120.5700 15.7
643.329 121.0900 11.2
643.831 120.3100 17.8
644.332 120.5700 15.4
644.834 120.8300 13.1
645.336 120.5700 15.2
645.837 121.3500 8.6
646.339 120.8300 13.1
646.840 120.5700 15.2
647.342 121.3500 8.6
647.843 120.5700 15.3
648.344 120.5700 15.1
648.846 120.3100 17.2
649.347 120.8300 12.6
649.849 121.0900 10.4
650.350 120.8300 12.7
650.851 120.0600 19.1
651.353 121.0900 10.2
651.854 120.3100 16.8
652.356 120.8300 12.3
652.858 120.8300 12.3
653.359 120.8300 12.4
653.861 121.0900 10.2
654.361 120.5700 14.6
654.862 120.3100 16.7
655.364 121.0900 10.0
655.865 120.8300 12.3
656.367 121.0900 10.1
656.868 120.8300 12.4
657.369 120.8300 12.4
657.871 120.5700 14.5
658.372 120.8300 12.2
658.874 120.3100 16.6
659.375 121.8800 3.2
659.876 120.5700 14.6
660.378 120.0600 18.8
660.879 121.0900 9.8
661.381 120.5700 14.3
661.882 120.0600 18.5
662.384 120.5700 13.9
662.885 120.3100 16.0
663.387 120.3100 15.8
663.888 119.5500 22.1
664.389 120.3100 15.3
664.891 120.0600 17.4
665.392 119.8000 19.3
665.894 119.8000 19.1
666.395 120.5700 12.5
666.896 120.0600 16.8
667.398 120.0600 16.7
667.899 121.8800 1.3
668.401 120.3100 15.0
668.902 121.0900 8.5
669.403 120.5700 13.0
669.904 120.3100 15.2
670.406 120.3100 15.1
670.907 120.3100 15.0
671.408 120.5700 12.8
671.910 120.3100 15.0
672.411 120.5700 12.8
672.913 120.3100 14.9
673.414 120.3100 14.9
673.916 120.5700 12.7
674.418 120.0600 17.0
674.919 119.8000 19.0
675.421 119.8000 18.7
675.922 120.3100 14.3
676.424 120.3100 14.3
676.925 120.3100 14.3
677.427 120.3100 14.3
677.928 119.8000 18.5
678.430 120.0600 16.2
678.931 120.0600 16.1
679.432 120.3100 13.9
679.934 119.8000 18.2
680.435 120.5700 11.7
680.937 119.5500 20.3
681.438 119.5500 20.0
681.939 119.8000 17.7
682.441 119.8000 17.6
682.942 120.0600 15.4
683.444 119.8000 17.5
683.944 120.0600 15.3
684.446 119.5500 19.6
684.947 120.0600 15.2
685.449 119.5500 19.4
685.950 119.5500 19.3
686.452 119.0500 23.3
686.953 119.0500 23.0
687.454 119.5500 18.6
687.956 119.8000 16.4
688.457 119.5500 18.5
688.959 119.8000 16.4
689.460 119.5500 18.5
689.962 119.5500 18.5
690.463 119.3000 20.5
690.964 119.8000 16.2
691.466 119.8000 16.3
691.967 119.8000 16.3
692.469 119.0500 22.6
692.970 120.3100 11.9
693.472 120.0600 14.3
693.973 119.0500 22.8
694.475 120.5700 9.9
694.976 119.5500 18.8
695.478 118.8100 24.9
695.979 119.5500 18.4
696.480 120.3100 12.0
696.982 119.8000 16.5
697.483 119.3000 20.7
697.985 119.3000 20.6
698.486 120.0600 14.2
698.987 118.5600 26.8
699.488 119.8000 16.1
699.989 119.5500 18.2
700.491 119.5500 18.2
700.992 119.8000 16.1
701.494 119.8000 16.2
701.995 120.3100 12.1
702.497 119.5500 18.7
702.998 119.3000 20.7
703.500 119.5500 18.5
704.001 121.0900 5.7
704.503 119.5500 19.0
705.004 119.5500 19.0
705.506 119.3000 21.0
706.007 119.3000 20.8
706.509 119.8000 16.5
707.010 118.8100 24.9
707.512 119.3000 20.5
708.013 119.5500 18.3
708.515 119.3000 20.4
709.016 119.5500 18.2
709.518 120.5700 9.8
710.019 119.8000 16.5
710.521 119.8000 16.6
711.022 120.0600 14.6
711.524 119.5500 18.9
712.025 119.5500 18.9
712.527 119.8000 16.7
713.027 118.5600 27.2
713.529 119.5500 18.5
714.031 119.3000 20.6
714.532 119.3000 20.5
715.033 120.3100 12.0
715.535 118.8100 24.9
716.036 119.8000 16.3
716.538 119.5500 18.5
717.039 119.5500 18.5
717.541 119.8000 16.4
718.042 120.0600 14.4
718.544 120.0600 14.6
719.045 119.3000 21.1
719.547 119.3000 20.9
720.048 120.3100 12.4
720.550 119.5500 19.0
721.051 120.0600 14.8
721.552 119.5500 19.1
722.054 120.5700 10.6
722.555 119.5500 19.4
723.057 119.5500 19.3
723.558 119.8000 17.2
724.059 119.8000 17.2
724.561 118.3200 29.6
725.062 120.8300 8.2
725.564 120.5700 10.8
726.065 118.5600 27.9
726.567 119.5500 19.2
727.068 120.0600 14.9
727.569 120.3100 12.9
728.070 120.8300 8.8
728.571 119.3000 22.0
729.073 119.5500 19.7
729.574 120.0600 15.4
730.076 118.8100 25.9
730.578 119.8000 17.2
731.079 118.5600 27.6
731.581 119.8000 16.9
732.082 119.8000 16.9
732.583 120.3100 12.8
733.085 119.8000 17.3
733.586 120.0600 15.2
734.088 120.0600 15.3
734.589 120.0600 15.4
735.091 119.8000 17.7
735.592 120.3100 13.4
736.094 120.8300 9.3
736.595 119.8000 18.2
737.097 119.8000 18.1
737.598 119.5500 20.2
738.099 118.8100 26.3
738.601 119.3000 21.8
739.102 120.3100 13.2
739.604 120.0600 15.5
740.105 119.8000 17.7
740.607 120.3100 13.5
741.108 119.5500 20.0
741.610 120.3100 13.6
742.111 120.3100 13.7
742.611 119.8000 18.1
743.113 120.5700 11.7
743.614 119.3000 22.5
744.116 120.8300 9.5
744.617 120.5700 12.0
745.119 120.3100 14.4
745.620 118.3200 31.1
746.122 120.0600 16.0
746.623 120.0600 16.0
747.124 120.3100 13.9
747.626 120.3100 14.1
748.127 118.5600 28.8
748.629 120.5700 11.5
749.130 119.8000 18.2
749.632 120.3100 13.9
750.133 120.3100 14.0
750.635 120.0600 16.3
751.137 120.5700 12.0
751.638 120.0600 16.5
752.139 120.3100 14.4
752.641 120.5700 12.3
753.142 119.5500 21.0
753.644 120.3100 14.4
754.145 120.0600 16.6
754.647 120.3100 14.5
755.148 120.0600 16.7
755.649 121.0900 8.0
756.151 120.5700 12.7
756.652 120.8300 10.7
757.153 119.3000 23.6
757.654 120.5700 12.7
758.155 120.5700 12.8
758.657 119.5500 21.4
759.158 120.8300 10.5
759.660 119.3000 23.5
760.161 0.0000 0.0
760.662 120.5700 12.5
761.164 120.8300 10.5
761.665 120.5700 12.9
762.167 121.6200 4.2
762.668 120.5700 13.4
763.170 121.3500 6.9
763.671 120.5700 13.8
764.173 120.3100 15.9
764.674 120.0600 18.0
765.176 120.5700 13.5
765.677 120.8300 11.4
766.179 120.5700 13.7
766.681 120.3100 15.8
767.182 120.8300 11.4
767.684 120.3100 15.8
768.185 120.3100 15.7
768.687 120.8300 11.3
769.188 120.3100 15.7
769.690 119.8000 19.9
770.191 120.3100 15.4
770.693 120.5700 13.2
771.194 120.5700 13.2
771.695 119.5500 21.8
772.196 120.8300 10.8
772.698 121.0900 8.7
773.199 120.3100 15.5
773.701 119.8000 19.6
774.202 120.5700 13.0
774.704 120.5700 13.0
775.206 120.8300 10.9
775.707 120.5700 13.2
776.209 121.0900 8.9
776.710 120.5700 13.4
777.212 120.3100 15.6
777.713 120.8300 11.2
778.215 120.3100 15.6
778.716 120.3100 15.5
779.218 120.5700 13.2
779.719 120.5700 13.2
780.221 120.3100 15.4
780.722 120.0600 17.4
781.224 120.5700 13.0
781.725 119.3000 23.6
782.227 120.5700 12.6
782.728 119.3000 23.2
783.230 119.5500 20.8
783.732 118.8100 26.7
784.233 120.0600 15.8
784.735 120.5700 11.5
785.236 120.3100 13.8
785.737 119.8000 18.2
786.238 120.5700 11.6
786.740 120.0600 16.1
787.241 118.0800 32.6
787.743 119.5500 19.5
788.244 119.8000 17.3
788.746 120.0600 15.2
789.247 120.3100 13.1
789.749 119.3000 21.7
790.251 120.0600 15.1
790.752 120.3100 13.1
791.254 119.5500 19.6
791.755 120.3100 13.1
792.257 119.5500 19.6
792.758 120.3100 13.1
793.259 120.3100 13.3
793.761 120.0600 15.5
794.262 120.0600 15.6
794.764 119.5500 19.8
795.265 119.5500 19.6
795.766 120.8300 8.8
796.268 120.0600 15.6
796.769 120.0600 15.6
797.271 120.0600 15.7
797.772 119.5500 19.9
798.274 119.8000 17.6
798.775 119.8000 17.6
799.277 119.8000 17.5
799.777 119.5500 19.6
800.279 119.8000 17.3
800.780 120.3100 13.1
801.282 120.3100 13.2
801.783 120.3100 13.3
802.284 119.8000 17.7
802.786 119.8000 17.7
803.287 120.3100 13.3
803.789 119.8000 17.7
804.290 119.3000 21.9
804.791 119.8000 17.4
805.293 119.8000 17.4
805.794 120.3100 13.1
806.296 119.3000 21.7
806.797 119.5500 19.4
807.299 119.5500 19.3
807.800 119.0500 23.3
808.301 119.3000 21.0
808.803 120.3100 12.4
809.304 119.5500 19.0
809.806 120.3100 12.6
810.307 120.0600 14.9
810.809 120.0600 15.0
811.311 119.0500 23.5
811.812 120.0600 14.8
812.314 119.8000 17.1
812.815 119.8000 17.1
813.317 119.8000 17.1
813.818 119.5500 19.2
814.319 119.8000 17.0
814.820 119.3000 21.2
815.321 119.3000 21.1
815.823 119.0500 23.0
816.325 119.0500 22.8
816.826 118.8100 24.7
817.327 121.0900 5.3
817.829 120.5700 10.3
818.330 119.5500 19.1
818.832 118.8100 25.3
819.333 119.5500 18.7
819.835 120.8300 8.1
820.336 119.3000 21.2
820.837 119.5500 19.0
821.339 120.0600 14.7
821.840 119.0500 23.3
822.342 120.0600 14.7
822.843 121.0900 6.2
823.344 120.3100 13.2
823.846 119.5500 19.7
824.347 119.8000 17.5
824.849 119.3000 21.7
825.350 121.3500 4.3
825.851 120.0600 15.7
826.353 120.0600 15.8
826.854 120.0600 15.8
827.356 120.0600 15.8
827.857 120.8300 9.4
828.359 120.0600 16.2
828.860 119.8000 18.3
829.361 118.0800 32.6
829.862 120.3100 13.2
830.364 120.8300 9.1
830.865 120.3100 13.8
831.367 120.0600 16.0
831.868 119.8000 18.1
832.370 119.5500 20.2
832.872 119.8000 17.9
833.373 118.8100 26.2
833.875 120.0600 15.3
834.376 120.3100 13.3
834.877 120.5700 11.3
835.379 118.8100 26.3
835.880 119.5500 19.6
836.382 119.8000 17.4
836.883 120.3100 13.2
837.385 121.0900 6.9
837.886 119.8000 18.1
838.388 119.8000 18.0
838.889 119.8000 17.9
839.390 119.5500 20.0
839.892 119.8000 17.7
840.393 120.3100 13.5
840.895 120.0600 15.8
841.396 119.8000 17.9
841.897 119.8000 17.9
842.399 120.0600 15.7
842.900 119.5500 20.0
843.402 119.5500 19.8
843.902 120.8300 9.1
844.404 119.8000 18.0
844.905 120.0600 15.8
845.407 120.0600 15.8
845.908 120.3100 13.8
846.410 120.0600 16.0
846.911 119.8000 18.1
847.412 119.3000 22.3
847.914 119.5500 19.9
848.415 119.8000 17.7
848.917 120.3100 13.4
849.419 120.3100 13.6
849.920 119.8000 18.0
850.421 120.0600 15.8
850.923 120.0600 15.9
851.424 120.3100 13.8
851.926 120.0600 16.0
852.427 119.8000 18.2
852.929 120.0600 16.0
853.430 120.3100 13.9
853.932 120.0600 16.1
854.433 120.3100 14.0
854.935 120.3100 14.1
855.436 119.8000 18.4
855.938 120.5700 11.9
856.439 120.3100 14.3
856.941 120.3100 14.3
857.442 120.5700 12.2
857.944 120.0600 16.7
858.444 118.3200 31.1
858.946 120.3100 13.8
859.447 119.8000 18.2
859.949 121.0900 7.4
860.450 120.3100 14.3
860.952 120.0600 16.5
861.453 120.0600 16.4
861.955 119.5500 20.6
862.456 120.3100 14.1
862.957 120.0600 16.3
863.459 121.8800 1.0
863.960 120.5700 12.6
864.462 120.5700 12.7
864.963 120.0600 17.1
865.465 120.8300 10.6
865.966 120.0600 17.2
866.468 121.6200 4.0
866.969 120.3100 15.4
867.471 120.5700 13.2
867.973 120.0600 17.5
868.474 120.3100 15.2
868.976 120.5700 13.0
869.477 120.3100 15.2
869.979 120.5700 13.0
870.480 120.8300 10.9
870.981 121.8800 2.2
871.483 120.5700 13.7
871.984 120.8300 11.5
872.486 120.8300 11.6
872.986 120.0600 18.1
873.487 120.8300 11.4
873.989 120.0600 17.9
874.490 120.5700 13.4
874.992 120.0600 17.7
875.493 120.3100 15.3
875.995 120.3100 15.3
876.496 120.5700 13.0
876.998 120.0600 17.3
877.499 120.0600 17.2
878.000 119.8000 19.1
878.502 119.5500 21.0
879.003 119.0500 24.9
879.505 120.0600 16.1
880.006 121.0900 7.4
880.507 120.3100 14.2
881.009 121.6200 3.4
881.511 120.8300 10.4
882.012 120.3100 14.9
882.514 120.3100 14.8
883.015 120.3100 14.8
883.516 119.5500 21.1
884.018 119.8000 18.7
884.519 120.5700 12.1
885.021 120.3100 14.4
885.522 120.3100 14.4
886.023 122.1500 0.0
886.525 120.0600 17.3
887.026 119.3000 23.4
887.527 120.0600 16.7
888.028 119.5500 20.8
888.529 120.0600 16.3
889.031 119.8000 18.4
889.532 119.5500 20.3
890.034 120.0600 15.9
890.535 120.0600 15.8
891.037 120.3100 13.7
891.538 119.5500 20.1
892.039 120.3100 13.6
892.541 120.0600 15.8
893.042 120.3100 13.7
893.544 119.5500 20.1
894.045 120.3100 13.5
894.547 119.8000 17.9
895.048 120.0600 15.7
895.549 119.8000 17.8
896.051 120.0600 15.6
896.552 121.3500 4.8
897.054 119.3000 22.4
897.555 119.0500 24.1
898.057 120.3100 13.2
898.558 120.3100 13.3
899.060 120.0600 15.6
899.561 119.5500 19.8
900.063 119.5500 19.6
900.564 119.8000 17.4
901.065 119.3000 21.5
901.567 120.0600 15.0
902.068 119.5500 19.3
902.569 119.8000 17.1
903.070 119.5500 19.2
903.571 119.3000 21.1
904.073 120.0600 14.7
904.574 120.5700 10.5
905.076 120.0600 15.1
905.577 119.0500 23.5
906.079 119.0500 23.2
906.580 119.5500 18.8
907.081 119.8000 16.6
907.583 119.5500 18.8
908.084 120.0600 14.5
908.586 120.0600 14.6
909.087 119.8000 16.9
909.588 120.0600 14.8
910.090 120.0600 14.9
910.592 119.8000 17.1
911.093 119.3000 21.3
911.595 119.8000 16.9
912.096 120.0600 14.8
912.598 119.0500 23.3
913.099 119.8000 16.8
913.601 119.8000 16.8
914.103 119.5500 18.9
914.604 119.0500 23.0
915.105 120.3100 12.3
915.607 119.0500 23.0
916.109 119.8000 16.5
916.610 121.3500 3.7
917.111 120.8300 8.7
917.612 120.8300 9.0
918.114 119.0500 24.2
918.615 119.8000 17.6
919.116 119.5500 19.6
919.618 120.5700 11.0
920.119 119.8000 17.6
920.621 120.3100 13.3
921.122 119.8000 17.7
921.623 120.0600 15.5
922.125 119.8000 17.7
922.626 119.8000 17.6
923.128 119.5500 19.7
923.629 120.0600 15.3
924.131 119.5500 19.6
924.632 120.3100 13.1
925.133 119.8000 17.5
925.635 119.5500 19.6
926.136 119.3000 21.6
926.638 120.3100 12.9
927.139 119.5500 19.5
927.640 120.0600 15.1
928.142 119.8000 17.3
928.643 119.8000 17.3
929.145 120.3100 13.1
929.646 120.3100 13.2
930.147 119.8000 17.6
930.649 119.8000 17.6
931.151 119.5500 19.6
931.652 120.3100 13.2
932.153 120.3100 13.3
932.654 121.3500 4.8
933.155 119.3000 22.4
933.657 119.8000 17.9
934.158 119.8000 17.9
934.660 120.3100 13.5
935.161 120.8300 9.3
935.662 119.5500 20.3
936.164 120.0600 15.9
936.665 120.3100 13.8
937.167 120.3100 13.9
937.668 120.0600 16.1
938.170 120.0600 16.1
938.671 119.8000 18.2
939.172 119.8000 18.1
939.674 119.8000 18.0
940.175 120.0600 15.8
940.677 120.3100 13.7
941.178 119.5500 20.1
941.680 120.3100 13.6
942.181 121.0900 7.2
942.683 120.3100 14.1
943.184 119.5500 20.5
943.686 120.0600 16.1
944.187 119.8000 18.2
944.688 120.8300 9.5
945.190 119.5500 20.4
945.691 119.8000 18.1
946.193 120.0600 15.9
946.694 120.0600 15.9
947.195 119.5500 20.1
947.696 120.0600 15.7
948.198 120.3100 13.6
948.699 120.3100 13.7
949.201 119.8000 18.1
949.702 120.0600 15.8
950.203 119.8000 18.0
950.705 120.8300 9.3
951.206 120.0600 16.1
951.708 120.3100 13.9
952.209 120.5700 11.8
952.710 119.8000 18.4
953.212 120.5700 11.9
953.713 120.0600 16.3
954.215 121.3500 5.4
954.716 120.0600 16.7
955.217 120.5700 12.3
955.719 120.3100 14.6
956.220 120.3100 14.6
956.722 121.0900 8.1
957.223 120.0600 17.0
957.725 118.8100 27.3
958.226 120.5700 12.0
958.728 120.3100 14.3
959.229 120.0600 16.4
959.731 120.0600 16.4
960.232 120.0600 16.3
960.733 118.3200 30.8
961.235 120.5700 11.3
961.736 120.3100 13.7
962.237 120.0600 15.9
962.738 118.0800 32.4
963.240 120.3100 13.0
963.741 120.0600 15.3
964.243 120.0600 15.3
964.744 119.8000 17.5
965.246 119.8000 17.5
965.747 120.3100 13.2
966.248 119.8000 17.6
966.750 119.8000 17.5
967.251 119.8000 17.5
967.753 120.0600 15.3
968.254 120.3100 13.2
968.755 120.3100 13.3
969.257 119.3000 21.9
969.758 120.3100 13.2
970.260 120.3100 13.4
970.761 120.3100 13.5
971.262 120.5700 11.4
971.764 120.5700 11.6
972.265 120.0600 16.1
972.767 120.3100 13.9
973.268 120.5700 11.8
973.770 119.5500 20.5
974.271 119.8000 18.1
974.773 120.0600 15.9
975.274 120.0600 15.9
975.775 120.3100 13.8
976.277 120.5700 11.7
976.777 120.5700 11.8
977.278 119.8000 18.4
977.780 119.3000 22.4
978.281 120.5700 11.5
978.783 120.3100 13.8
979.285 120.5700 11.8
979.786 120.3100 14.1
980.288 119.8000 18.4
980.789 118.5600 28.6
981.291 120.5700 11.2
981.792 119.8000 17.8
982.293 120.8300 9.2
982.795 120.8300 9.5
983.296 119.8000 18.3
983.798 119.8000 18.1
984.299 119.5500 20.1
984.800 120.3100 13.6
985.302 120.8300 9.3
985.803 120.0600 16.1
986.305 119.8000 18.1
986.806 120.0600 15.9
987.307 120.0600 15.9
987.809 120.5700 11.6
988.310 120.0600 16.0
988.812 120.0600 16.0
989.313 120.8300 9.5
989.814 120.3100 14.1
990.316 119.5500 20.4
990.817 120.5700 11.7
991.319 119.8000 18.2
991.819 120.5700 11.7
992.320 120.5700 11.8
992.822 120.3100 14.1
993.323 120.0600 16.3
993.825 119.3000 22.5
994.326 120.5700 11.6
994.828 120.3100 13.9
995.329 118.8100 26.5
995.831 120.3100 13.4
996.332 120.5700 11.4
996.834 119.3000 22.1
997.335 119.3000 21.9
997.836 120.3100 13.1
998.338 120.0600 15.4
998.839 119.5500 19.6
999.341 120.3100 13.1
999.842 120.0600 15.4
1000.344 120.0600 15.4
1000.845 119.8000 17.5
1001.347 119.8000 17.5
1001.848 120.0600 15.3
1002.350 119.8000 17.4
1002.851 117.8400 33.8
1003.352 120.8300 8.1
1003.854 119.8000 17.0
1004.355 120.0600 14.9
1004.857 120.5700 10.7
1005.358 120.3100 13.1
1005.860 119.5500 19.6
1006.361 120.3100 13.1
1006.862 120.0600 15.3
1007.363 119.8000 17.5
1007.865 119.8000 17.4
1008.366 120.0600 15.2
1008.868 120.0600 15.3
1009.369 120.0600 15.3
1009.871 120.5700 11.1
1010.372 120.0600 15.6
1010.874 120.0600 15.6
1011.376 119.5500 19.8
1011.877 120.0600 15.4
1012.379 120.0600 15.4
1012.880 119.8000 17.6
1013.382 120.3100 13.2
1013.883 119.8000 17.6
1014.385 120.3100 13.3
1014.886 119.5500 19.7
1015.388 119.8000 17.5
1015.889 120.8300 8.8
1016.391 120.3100 13.5
1016.892 119.8000 17.8
1017.394 120.0600 15.6
1017.895 120.5700 11.3
1018.397 120.5700 11.5
1018.898 120.3100 13.8
1019.400 119.8000 18.1
1019.901 119.8000 18.0
1020.402 119.8000 17.9
1020.904 118.5600 28.1
1021.405 120.0600 15.1
1021.907 120.5700 10.9
1022.408 119.8000 17.5
1022.910 120.3100 13.2
1023.411 119.0500 23.8
1023.913 120.0600 15.1
1024.414 120.0600 15.2
1024.916 120.0600 15.2
1025.417 119.8000 17.4
1025.919 119.5500 19.4
1026.422 120.3100 12.9
1026.922 120.3100 13.1
1027.424 121.3500 4.5
1027.926 120.0600 15.8
1028.428 119.3000 22.1
1028.930 120.3100 13.4
1029.430 119.8000 17.7
1029.932 119.8000 17.6
1030.434 119.8000 17.6
1030.934 120.5700 11.1
1031.436 120.0600 15.6
1031.937 120.0600 15.6
1032.439 119.8000 17.7
1032.939 119.0500 23.9
1033.442 121.3500 4.3
1033.943 119.5500 19.9
1034.444 120.8300 9.0
1034.946 120.5700 11.5
1035.447 119.5500 20.1
1035.949 119.5500 19.9
1036.450 119.8000 17.6
1036.952 120.0600 15.4
1037.453 118.5600 27.9
1037.955 119.5500 19.1
1038.456 120.8300 8.4
1038.958 119.8000 17.3
1039.459 120.0600 15.1
1039.961 120.3100 13.1
1040.462 120.8300 8.9
1040.965 119.5500 19.8
1041.467 120.0600 15.4
1041.967 120.0600 15.4
1042.469 118.8100 25.9
1042.971 119.8000 17.1
1043.473 120.3100 12.9
1043.973 119.3000 21.5
1044.475 120.3100 12.8
1044.977 120.0600 15.1
1045.478 120.5700 10.9
1045.980 120.0600 15.4
1046.480 120.0600 15.4
1046.982 120.0600 15.4
1047.484 120.0600 15.4
1047.985 119.8000 17.6
1048.486 120.3100 13.3
1048.987 119.8000 17.6
1049.489 120.0600 15.4
1049.991 121.6200 2.4
1050.492 119.3000 22.3
1050.994 120.0600 15.7
1051.495 120.3100 13.6
1051.997 120.3100 13.7
1052.498 121.8800 0.6
1053.000 120.3100 14.3
1053.501 120.0600 16.5
1054.003 120.3100 14.2
1054.504 119.0500 24.8
1055.006 119.8000 18.1
1055.508 120.0600 15.8
1056.010 120.0600 15.8
1056.512 119.0500 24.1
1057.012 120.8300 8.9
1057.514 119.8000 17.8
1058.016 120.3100 13.4
1058.518 120.3100 13.5
1059.018 119.0500 24.1
1059.520 120.0600 15.3
1060.021 120.3100 13.2
1060.523 118.3200 30.0
1061.025 120.5700 10.6
1061.526 120.0600 15.1
1062.027 119.0500 23.5
1062.528 120.0600 14.8
1063.030 120.0600 14.9
1063.531 121.3500 4.2
1064.032 119.8000 17.6
1064.534 120.5700 11.1
1065.036 118.8100 26.1
1065.537 120.0600 15.2
1066.039 120.3100 13.1
1066.540 118.5600 27.8
1067.042 121.3500 4.0
1067.543 119.3000 21.7
1068.044 120.0600 15.1
1068.547 119.3000 21.5
1069.047 118.8100 25.4
1069.549 120.0600 14.6
1070.051 120.3100 12.5
1070.553 119.0500 23.2
1071.053 119.8000 16.7
1071.555 119.8000 16.7
1072.056 120.3100 12.5
1072.558 119.8000 16.9
1073.059 119.8000 16.9
1073.560 119.8000 16.9
1074.062 120.0600 14.8
1074.562 120.0600 14.9
1075.064 118.8100 25.4
1075.566 118.3200 29.1
1076.068 119.3000 20.4
1076.569 120.8300 7.5
1077.070 120.3100 12.3
1077.572 119.8000 16.8
1078.073 119.8000 16.8
1078.574 120.0600 14.7
1079.076 120.0600 14.8
1079.577 119.8000 17.0
1080.079 119.8000 17.0
1080.580 120.0600 14.9
1081.082 120.3100 12.8
1081.583 120.0600 15.2
1082.085 118.8100 25.6
1082.586 120.0600 14.8
1083.088 119.3000 21.2
1083.590 120.3100 12.6
1084.092 119.8000 17.1
1084.592 119.8000 17.1
1085.094 120.3100 12.8
1085.596 119.8000 17.2
1086.098 120.3100 12.9
1086.600 120.5700 11.0
1087.100 119.8000 17.6
1087.602 120.3100 13.3
1088.103 119.8000 17.7
1088.604 120.8300 9.0
1089.106 120.0600 15.8
1089.607 120.3100 13.7
1090.107 120.3100 13.8
1090.610 120.8300 9.5
1091.111 120.0600 16.2
1091.612 120.3100 14.0
1092.113 119.5500 20.4
1092.615 120.0600 16.0
1093.116 120.0600 15.9
1093.618 120.0600 15.9
1094.120 120.3100 13.8
1094.621 120.3100 13.8
1095.123 119.8000 18.2
1095.624 120.8300 9.5
1096.126 120.8300 9.7
1096.627 119.5500 20.6
1097.129 119.8000 18.3
1097.631 120.3100 13.9
1098.133 119.8000 18.2
1098.633 120.3100 13.8
1099.135 120.5700 11.7
1099.637 120.8300 9.7
1100.138 120.3100 14.2
1100.639 120.5700 12.1
1101.141 120.8300 10.1
1101.642 120.3100 14.6
1102.144 120.5700 12.4
1102.646 120.3100 14.6
1103.146 119.8000 18.8
1103.648 120.0600 16.5
1104.150 120.0600 16.4
1104.652 120.5700 12.0
1105.152 120.0600 16.4
1105.654 120.3100 14.2
1106.155 120.3100 14.2
1106.657 119.8000 18.5
1107.158 120.0600 16.2
1107.660 120.3100 14.0
1108.161 120.5700 11.8
1108.663 119.5500 20.5
1109.164 119.5500 20.2
1109.666 120.3100 13.6
1110.168 120.0600 15.8
1110.669 120.0600 15.8
1111.172 120.5700 11.5
1111.672 120.3100 13.8
1112.174 118.0800 32.5
1112.676 120.5700 10.9
1113.178 120.3100 13.3
1113.678 119.5500 19.7
1114.180 120.0600 15.3
1114.682 120.3100 13.2
1115.184 119.8000 17.6
1115.684 119.3000 21.7
1116.186 120.5700 10.8
1116.688 120.3100 13.2
1117.189 120.3100 13.3
1117.691 120.0600 15.5
1118.192 120.3100 13.4
1118.694 120.5700 11.3
1119.194 120.5700 11.5
1119.696 119.8000 18.1
1120.197 119.8000 17.9
1120.699 119.8000 17.8
1121.200 118.8100 26.0
1121.702 120.0600 15.1
1122.203 120.3100 13.0
1122.705 119.8000 17.4
1123.206 119.8000 17.3
1123.708 120.0600 15.1
1124.209 121.0900 6.5
1124.711 120.3100 13.4
1125.213 120.5700 11.4
1125.715 120.0600 15.8
1126.217 120.0600 15.8
1126.719 120.0600 15.8
1127.219 120.5700 11.4
1127.721 120.5700 11.6
1128.222 119.8000 18.1
1128.723 119.8000 18.0
1129.225 119.8000 17.8
1129.726 120.5700 11.3
1130.228 120.0600 15.8
1130.728 119.8000 17.8
1131.230 120.0600 15.6
1131.732 119.8000 17.7
1132.234 119.8000 17.6
1132.736 119.0500 23.8
1133.236 120.0600 15.0
1133.738 119.3000 21.4
1134.239 119.8000 16.9
1134.741 119.0500 23.2
1135.242 120.0600 14.5
1135.744 120.3100 12.5
1136.245 120.0600 14.8
1136.747 119.0500 23.2
1137.248 119.8000 16.7
1137.750 119.5500 18.8
1138.251 120.0600 14.5
1138.753 119.5500 18.8
1139.254 119.8000 16.6
1139.756 118.8100 24.9
1140.258 119.5500 18.4
1140.760 119.0500 22.5
1141.262 120.0600 13.9
1141.762 119.3000 20.4
1142.264 119.8000 16.1
1142.766 117.6000 34.6
1143.268 120.0600 13.3
1143.768 120.3100 11.4
1144.270 119.5500 18.1
1144.771 119.8000 16.0
1145.273 120.0600 14.0
1145.774 119.8000 16.3
1146.276 120.3100 12.1
1146.777 120.0600 14.5
1147.278 120.0600 14.6
1147.780 120.0600 14.7
1148.281 120.3100 12.7
1148.783 120.0600 15.0
1149.284 119.5500 19.3
1149.786 119.5500 19.2
1150.287 119.8000 17.0
1150.789 119.8000 16.9
1151.290 120.3100 12.7
1151.792 120.3100 12.9
1152.293 119.8000 17.3
1152.795 120.5700 10.9
1153.297 120.0600 15.4
1153.799 119.8000 17.5
1154.299 119.8000 17.5
1154.801 119.5500 19.5
1155.303 119.3000 21.5
1155.805 119.8000 17.1
1156.306 119.3000 21.2
1156.807 118.8100 25.2
1157.309 120.3100 12.3
1157.810 120.5700 10.4
1158.312 120.0600 14.9
1158.814 120.0600 15.0
1159.314 119.5500 19.3
1159.817 120.3100 12.9
1160.318 120.0600 15.2
1160.819 119.8000 17.4
1161.320 121.0900 6.6
1161.822 120.3100 13.5
1162.323 120.5700 11.4
1162.825 120.5700 11.6
1163.326 119.3000 22.4
1163.828 119.5500 20.0
1164.329 120.0600 15.6
1164.831 119.8000 17.7
1165.332 120.0600 15.5
1165.834 120.5700 11.3
1166.335 120.0600 15.8
1166.836 120.5700 11.5
1167.338 119.5500 20.2
1167.840 120.5700 11.5
1168.342 120.3100 13.8
1168.844 120.0600 16.0
1169.344 120.3100 13.8
1169.846 120.3100 13.9
1170.348 120.0600 16.1
1170.848 119.8000 18.2
1171.350 120.0600 15.9
1171.852 120.3100 13.8
1172.353 120.3100 13.8
1172.854 120.0600 16.0
1173.357 120.0600 15.9
1173.857 120.3100 13.6
1174.360 119.8000 17.8
1174.861 120.3100 13.3
1175.362 120.0600 15.3
1175.864 119.8000 17.2
1176.365 120.5700 10.6
1176.869 120.3100 12.7
1177.372 119.5500 18.9
1177.874 118.8100 24.8
1178.375 119.5500 17.9
1178.877 120.3100 11.2
1179.378 120.3100 11.1
1179.881 120.5700 8.9
1180.381 120.5700 8.9
1180.883 119.8000 15.2
1181.385 120.5700 8.5
1181.887 120.5700 8.4
1182.387 120.0600 12.6
1182.889 120.5700 8.0
1183.391 119.5500 16.4
1183.892 120.3100 9.5
1184.394 121.3500 0.6
1184.894 120.0600 11.6
1185.396 120.0600 11.2
1185.898 120.5700 6.6
1186.400 120.0600 10.7
1186.901 120.0600 10.3
1187.402 120.8300 3.5
1187.903 120.0600 9.8
1188.405 120.0600 9.4
1188.907 120.5700 4.7
1189.408 119.8000 10.9
1189.910 120.3100 6.1
1190.411 119.5500 12.2
1190.913 120.3100 5.2
1191.414 120.3100 4.9
1191.916 120.0600 6.7
1192.417 120.3100 4.2
1192.919 120.0600 6.0
1193.420 120.3100 3.4
1193.922 120.0600 5.2
1194.424 120.0600 4.8
1194.926 118.8100 14.8
1195.426 119.8000 5.6
1195.928 119.8000 5.1
1196.430 120.0600 2.5
1196.932 119.8000 4.2
1197.432 119.5500 5.9
1197.934 120.3100 0.0
1198.436 120.3100 0.0
1198.937 120.3100 0.0
1199.439 119.5500 4.7
1199.940 119.8000 2.0
1200.442 119.5500 3.6
1200.943 119.8000 0.9
1201.444 119.8000 0.4
1201.945 119.5500 2.0
1202.447 120.0600 0.0
1202.948 119.3000 3.3
1203.450 119.3000 2.6
1203.952 119.5500 0.0
1204.453 119.8000 0.0
1204.955 119.8000 0.0
1205.456 119.3000 0.8
1205.958 119.8000 0.0
1206.459 119.3000 0.0
1206.961 118.8100 3.5
1207.462 119.5500 0.0
1207.965 119.3000 0.0
1208.465 119.5500 0.0
1208.967 119.8000 0.0
1209.469 119.5500 0.0
1209.971 119.5500 0.0
1210.471 119.0500 0.0
1210.973 119.3000 0.0
1211.474 118.5600 1.4
1211.976 119.3000 0.0
1212.478 118.5600 0.1
1212.978 119.3000 0.0
1213.480 118.5600 0.0
1213.982 118.8100 0.0
1214.484 118.8100 0.0
1214.985 118.5600 0.0
1215.486 117.8400 2.5
1215.987 117.8400 1.5
1216.489 117.6000 2.6
1216.990 117.8400 0.0
1217.492 118.3200 0.0
1217.993 117.6000 0.3
1218.495 117.8400 0.0
1218.997 117.3600 0.7
1219.498 118.0800 0.0
1220.000 117.6000 0.0
1220.501 117.3600 0.0
1221.003 117.1300 0.0
1221.504 118.0800 0.0
1222.006 117.1300 0.0
1222.508 116.8900 0.0
1223.010 119.0500 0.0
1223.510 117.6000 0.0
1224.012 116.8900 0.0
1224.514 115.7500 7.2
1225.016 116.4300 0.2
1225.516 113.7800 21.4
1226.018 115.9800 1.2
1226.519 116.6600 0.0
1227.021 115.7500 1.6
1227.523 116.2000 0.0
1228.024 115.9800 0.0
1228.526 115.3000 2.9
1229.027 115.7500 0.0
1229.528 115.9800 0.0
1230.029 115.7500 0.0
1230.531 115.9800 0.0
1231.032 115.5300 0.0
1231.534 115.0800 0.3
1232.035 115.0800 0.0
1232.537 115.0800 0.0
1233.038 115.0800 0.0
1233.540 115.0800 0.0
1234.042 115.0800 0.0
1234.543 114.4300 1.0
1235.045 114.6400 0.0
1235.547 114.0000 2.8
1236.049 114.2100 0.0
1236.549 113.7800 2.6
1237.051 114.4300 0.0
1237.553 112.9400 7.9
1238.055 114.0000 0.0
1238.556 114.2100 0.0
1239.057 114.0000 0.0
1239.559 113.7800 0.0
1240.060 113.7800 0.0
1240.560 113.1500 1.3
1241.062 113.7800 0.0
1241.564 113.3600 0.0
1242.066 112.9400 0.6
1242.568 113.1500 0.0
1243.069 113.3600 0.0
1243.570 112.7400 0.0
1244.071 113.1500 0.0
1244.573 112.7400 0.0
1245.074 112.5300 0.0
1245.576 112.1300 1.8
1246.077 112.1300 0.7
1246.579 111.3300 6.4
1247.080 111.9200 0.1
1247.582 111.5200 2.5
1248.083 111.3300 3.1
1248.585 111.1300 3.6
1249.086 111.5200 0.0
1249.588 111.3300 0.1
1250.090 110.9300 2.4
1250.592 110.9300 1.4
1251.094 110.5400 3.6
1251.594 110.5400 2.5
1252.096 110.1600 4.7
1252.598 110.1600 3.6
1253.100 110.1600 2.5
1253.602 110.3500 0.0
1254.102 110.7400 0.0
1254.604 110.1600 0.1
1255.105 109.5900 3.9
1255.606 109.7800 1.3
1256.107 109.2200 5.0
1256.610 109.0300 5.4
1257.111 109.7800 0.0
1257.612 109.7800 0.0
1258.113 109.2200 1.4
1258.615 108.8500 3.5
1259.116 109.2200 0.0
1259.618 108.6700 3.2
1260.119 108.3000 5.2
1260.621 108.4800 2.6
1261.122 107.7600 7.6
1261.624 107.9400 4.9
1262.125 108.1200 2.3
1262.627 107.9400 2.9
1263.128 107.9400 1.9
1263.631 107.2300 6.9
1264.133 107.4100 4.3
1264.633 107.7600 0.3
1265.135 107.5900 0.9
1265.637 107.0600 4.5
1266.138 106.8900 4.9
1266.639 106.7100 5.3
1267.141 106.7100 4.2
1267.642 106.3700 6.1
1268.144 106.7100 2.2
1268.644 106.5400 2.7
1269.146 106.2000 4.7
1269.648 106.7100 0.0
1270.150 106.0300 4.4
1270.652 106.3700 0.5
1271.152 105.6900 5.4
1271.654 105.5300 5.7
1272.155 104.5400 12.9
1272.657 105.5300 3.3
1273.158 105.0300 6.6
1273.660 105.0300 5.5
1274.161 105.0300 4.5
1274.663 105.3600 0.8
1275.164 104.5400 6.9
1275.666 104.8700 3.1
1276.167 104.3800 6.3
1276.669 104.5400 3.9
1277.170 104.5400 3.0
1277.672 104.2200 4.8
1278.174 104.2200 3.9
1278.676 104.2200 3.0
1279.178 104.0600 3.5
1279.678 103.9000 3.9
1280.180 103.7400 4.3
1280.682 103.5800 4.7
1281.184 103.4300 5.1
1281.684 102.9600 8.0
1282.186 103.2700 4.3
1282.687 103.4300 2.1
1283.189 103.2700 2.6
1283.690 103.2700 1.8
1284.192 102.6500 6.1
1284.693 104.0600 0.0
1285.194 102.9600 2.2
1285.695 102.6500 3.9
1286.198 102.6500 3.0
1286.699 102.5000 3.4
1287.200 102.5000 2.5
1287.702 102.6500 0.3
1288.203 102.2000 3.4
1288.705 101.7500 6.2
1289.206 102.0500 2.7
1289.708 101.7500 4.3
1290.209 101.7500 3.4
1290.711 101.4400 5.0
1291.212 101.7500 1.5
1291.715 101.3000 4.5
1292.215 101.7500 0.0
1292.717 101.7500 0.0
1293.219 101.1500 3.4
1293.721 100.8600 4.9
1294.222 101.1500 1.5
1294.723 100.5700 5.5
1295.225 100.7100 3.3
1295.726 100.2800 6.0
1296.228 100.2800 5.0
1296.728 100.1400 5.2
1297.230 100.8600 0.0
1297.732 99.8600 6.0
1298.234 100.0000 3.8
1298.735 99.8600 4.0
1299.236 99.8600 3.1
1299.737 99.8600 2.2
1300.239 99.1600 7.2
1300.740 99.5800 2.7
1301.242 99.1600 5.3
1301.744 99.3000 3.2
1302.246 99.1600 3.5
1302.747 99.1600 2.6
1303.248 98.7500 5.1
1303.750 98.8900 3.0
1304.251 98.6200 4.5
1304.753 98.8900 1.2
1305.254 98.7500 1.6
1305.756 98.0800 6.4
1306.258 98.2100 4.3
1306.760 98.3500 2.2
1307.260 98.3500 1.4
1307.762 98.0800 2.8
1308.264 97.9500 3.1
1308.766 97.9500 2.2
1309.268 97.8200 2.5
1309.768 97.2900 6.0
1310.270 97.5500 2.8
1310.771 97.2900 4.1
1311.272 97.2900 3.2
1311.774 97.2900 2.3
1312.275 97.2900 1.5
1312.777 97.2900 0.7
1313.277 97.0300 2.0
1313.779 96.6500 4.4
1314.280 97.2900 0.0
1314.781 96.7700 1.8
1315.283 96.6500 2.0
1315.785 96.7700 0.1
1316.286 95.8900 6.7
1316.788 96.3900 1.4
1317.289 96.5200 0.0
1317.791 95.8900 4.1
1318.292 96.0100 2.1
1318.794 95.8900 2.3
1319.297 95.8900 1.4
1319.797 95.6400 2.6
1320.299 95.6400 1.8
1320.801 95.8900 0.0
1321.301 95.7600 0.0
1321.803 95.5200 0.5
1322.305 95.1500 2.8
1322.806 95.2700 0.8
1323.308 95.1500 1.0
1323.809 95.0300 1.2
1324.310 95.0300 0.3
1324.812 94.9100 0.5
1325.314 94.6600 1.7
1325.814 94.1900 4.8
1326.317 94.3100 2.8
1326.818 94.0700 3.8
1327.319 94.3100 0.9
1327.820 94.4200 0.0
1328.322 93.4800 6.2
1328.823 93.7200 3.2
1329.325 93.8300 1.3
1329.826 93.4800 3.3
1330.328 93.4800 2.4
1330.829 93.2500 3.4
1331.331 93.4800 0.6
1331.832 92.9100 4.5
1332.334 93.2500 0.7
1332.836 93.3700 0.0
1333.336 93.3700 0.0
1333.840 93.0200 0.4
1334.340 93.0200 0.0
1334.842 92.6800 1.7
1335.344 92.5700 1.8
1335.846 92.5700 0.9
1336.346 92.5700 0.0
1336.848 92.6800 0.0
1337.350 92.6800 0.0
1337.852 92.0100 2.5
1338.353 92.2300 0.0
1338.854 92.1200 0.0
1339.356 91.9000 0.9
1339.857 91.6800 1.9
1340.359 92.0100 0.0
1340.860 91.9000 0.0
1341.361 91.6800 0.0
1341.862 91.3500 1.5
1342.364 90.9200 4.2
1342.865 91.4600 0.0
1343.367 90.6000 5.1
1343.868 91.2400 0.0
1344.370 91.2400 0.0
1344.871 90.9200 0.0
1345.373 90.7000 0.9
1345.875 91.3500 0.0
1346.376 90.6000 0.3
1346.878 90.3900 1.2
1347.379 89.4500 8.1
1347.881 90.2800 0.0
1348.383 89.7600 3.5
1348.885 89.8600 1.7
1349.385 90.0700 0.0
1349.887 90.0700 0.0
1350.388 89.8600 0.0
1350.890 89.8600 0.0
1351.392 89.6500 0.0
1351.893 89.6500 0.0
1352.394 89.5500 0.0
1352.896 89.6500 0.0
1353.398 89.3500 0.0
1353.898 89.3500 0.0
1354.401 89.0400 0.1
1354.902 88.9400 0.0
1355.403 88.9400 0.0
1355.904 88.9400 0.0
1356.406 88.7400 0.0
1356.907 88.4400 1.0
1357.409 87.3600 9.0
1357.910 88.2400 0.4
1358.412 88.3400 0.0
1358.913 88.1400 0.0
1359.415 88.1400 0.0
1359.916 88.1400 0.0
1360.418 88.7400 0.0
1360.919 87.7500 0.1
1361.422 87.7500 0.0
1361.924 88.1400 0.0
1362.424 87.5500 0.0
1362.926 87.4600 0.0
1363.428 87.3600 0.0
1363.930 87.3600 0.0
1364.430 87.1700 0.0
1364.932 87.6500 0.0
1365.434 86.5000 3.4
1365.934 86.6900 0.8
1366.436 86.7900 0.0
1366.937 86.7900 0.0
1367.439 86.6000 0.0
1367.941 86.2200 1.3
1368.442 86.1300 1.1
1368.944 86.0400 0.9
1369.444 85.8500 1.5
1369.946 86.0400 0.0
1370.447 86.0400 0.0
1370.949 85.9500 0.0
1371.450 85.5800 0.5
1371.952 85.4900 0.3
1372.453 86.1300 0.0
1372.955 85.3100 0.4
1373.456 85.2200 0.2
1373.958 85.4000 0.0
1374.459 85.1300 0.0
1374.961 84.9500 0.0
1375.462 84.8600 0.0
1375.965 85.0400 0.0
1376.465 84.6800 0.0
1376.967 84.7700 0.0
1377.469 84.7700 0.0
1377.971 84.5900 0.0
1378.471 84.5000 0.0
1378.973 84.3300 0.0
1379.475 84.7700 0.0
1379.976 83.8900 0.9
1380.478 83.9800 0.0
1380.978 83.8900 0.0
1381.480 84.0600 0.0
1381.982 83.4600 1.0
1382.484 83.7200 0.0
1382.985 83.7200 0.0
1383.486 83.2900 0.0
1383.988 83.4600 0.0
1384.489 83.2000 0.0
1384.991 83.1200 0.0
1385.492 83.0300 0.0
1385.994 82.7800 0.0
1386.495 82.7800 0.0
1386.996 82.7000 0.0
1387.498 82.7000 0.0
1387.999 82.3600 0.0
1388.501 82.6100 0.0
1389.003 82.3600 0.0
1389.504 82.2800 0.0
1390.006 82.2800 0.0
1390.508 82.0300 0.0
1391.010 82.0300 0.0
1391.510 81.9500 0.0
1392.012 81.7100 0.0
1392.514 81.7100 0.0
1393.016 81.5500 0.0
1393.516 81.5500 0.0
1394.018 81.6300 0.0
1394.519 81.3100 0.0
1395.021 81.2300 0.0
1395.522 81.0700 0.0
1396.024 81.1500 0.0
1396.525 80.8300 0.0
1397.027 81.1500 0.0
1397.527 80.9100 0.0
1398.029 80.6700 0.0
1398.531 80.5100 0.0
1399.032 80.4300 0.0
1399.534 80.3600 0.0
1400.036 80.2800 0.0
1400.537 80.2000 0.0
1401.038 79.7400 0.8
1401.540 79.8900 0.0
1402.041 79.8900 0.0
1402.543 79.8200 0.0
1403.044 79.7400 0.0
1403.547 79.7400 0.0
1404.047 79.8900 0.0
1404.549 79.0600 0.8
1405.051 79.2800 0.0
1405.553 79.1300 0.0
1406.055 79.1300 0.0
1406.555 79.2100 0.0
1407.057 79.0600 0.0
1407.558 79.1300 0.0
1408.060 78.9100 0.0
1408.560 78.7600 0.0
1409.062 78.5400 0.0
1409.564 78.5400 0.0
1410.066 78.2400 0.0
1410.567 78.3200 0.0
1411.069 78.1700 0.0
1411.569 78.2400 0.0
1412.071 77.8800 0.0
1412.572 78.1000 0.0
1413.074 77.7400 0.0
1413.576 77.5900 0.0
1414.077 77.7400 0.0
1414.579 77.7400 0.0
1415.080 77.5900 0.0
1415.582 77.5200 0.0
1416.083 75.9100 8.4
1416.585 77.2400 0.0
1417.086 76.9500 0.0
1417.588 77.1700 0.0
1418.090 77.1700 0.0
1418.592 76.6700 0.0
1419.094 76.8800 0.0
1419.594 76.6000 0.0
1420.096 76.5300 0.0
1420.598 76.3200 0.0
1421.100 76.1800 0.0
1421.600 76.2500 0.0
1422.102 76.1800 0.0
1422.603 76.0500 0.0
1423.105 76.0500 0.0
1423.606 75.8400 0.0
1424.107 75.7100 0.0
1424.609 75.5000 0.0
1425.111 75.7700 0.0
1425.611 75.7700 0.0
1426.113 75.4400 0.0
1426.614 75.2400 0.0
1427.116 75.2400 0.0
1427.618 75.0400 0.0
1428.119 75.2400 0.0
1428.621 75.1700 0.0
1429.122 75.1700 0.0
1429.624 74.9000 0.0
1430.125 74.9000 0.0
1430.627 74.6400 0.0
1431.128 74.4400 0.0
1431.631 74.3800 0.0
1432.131 74.3800 0.0
1432.633 74.3100 0.0
1433.135 74.3800 0.0
1433.637 74.2500 0.0
1434.138 73.9300 0.0
1434.640 74.1800 0.0
1435.141 73.9300 0.0
1435.643 73.7300 0.0
1436.144 73.6700 0.0
1436.646 73.7300 0.0
1437.146 73.7300 0.0
1437.648 73.6700 0.0
1438.150 73.4800 0.0
1438.652 73.8000 0.0
1439.152 73.3500 0.0
1439.653 73.2300 0.0
1440.155 73.2900 0.0
1440.656 73.2900 0.0
1441.158 72.9800 0.0
1441.659 72.8500 0.0
1442.161 71.5100 4.4
1442.662 72.5400 0.0
1443.164 72.4800 0.0
1443.665 72.6000 0.0
1444.167 72.4800 0.0
1444.668 72.2400 0.0
1445.170 71.8700 0.0
1445.672 72.3000 0.0
1446.174 72.0500 0.0
1446.674 71.9300 0.0
1447.176 71.8700 0.0
1447.678 71.7500 0.0
1448.180 71.8700 0.0
1448.680 71.6900 0.0
1449.182 71.6300 0.0
1449.684 71.3300 0.0
1450.185 71.3300 0.0
1450.687 71.2700 0.0
1451.188 71.2700 0.0
1451.690 70.9200 0.0
1452.191 71.0900 0.0
1452.693 70.6200 0.0
1453.194 71.2100 0.0
1453.695 70.7400 0.0
1454.196 70.6800 0.0
1454.698 70.7400 0.0
1455.199 70.6200 0.0
1455.701 70.6800 0.0
1456.202 70.3900 0.0
1456.704 70.3300 0.0
1457.206 70.1000 0.0
1457.707 70.3900 0.0
1458.209 70.2200 0.0
1458.710 69.9900 0.0
1459.212 69.9900 0.0
1459.713 69.9900 0.0
1460.215 69.7600 0.0
1460.717 69.6500 0.0
1461.219 69.4800 0.0
1461.719 69.7600 0.0
1462.221 69.5900 0.0
1462.722 69.5900 0.0
1463.224 69.2500 0.0
1463.725 69.2000 0.0
1464.226 69.1400 0.0
1464.728 69.0300 0.0
1465.230 69.0300 0.0
1465.732 68.9800 0.0
1466.232 68.9200 0.0
1466.735 68.5900 0.0
1467.236 68.7000 0.0
1467.737 68.7500 0.0
1468.238 68.5300 0.0
1468.740 68.2600 0.0
1469.241 68.4800 0.0
1469.742 68.3700 0.0
1470.244 68.6400 0.0
1470.745 68.2100 0.0
1471.247 68.0500 0.0
1471.748 67.9900 0.0
1472.250 67.8800 0.0
1472.751 67.9400 0.0
1473.253 67.7800 0.0
1473.754 67.6200 0.0
1474.256 67.7200 0.0
1474.758 67.4600 0.0
1475.260 67.5600 0.0
1475.760 67.3500 0.0
1476.262 67.1400 0.0
1476.764 67.3500 0.0
1477.264 67.1900 0.0
1477.766 67.1400 0.0
1478.268 67.3000 0.0
1478.769 67.1400 0.0
1479.270 66.8800 0.0
1479.771 66.8800 0.0
1480.273 66.8800 0.0
1480.775 66.8200 0.0
1481.276 66.7200 0.0
1481.777 66.4100 0.0
1482.278 66.4100 0.0
1482.780 66.3100 0.0
1483.281 66.1500 0.0
1483.783 66.0500 0.0
1484.284 66.2600 0.0
1484.786 66.0000 0.0
1485.287 65.8000 0.0
1485.789 66.2000 0.0
1486.290 65.8500 0.0
1486.792 65.8500 0.0
1487.293 65.7500 0.0
1487.795 65.6500 0.0
1488.297 65.5400 0.0
1488.799 65.3400 0.0
1489.299 65.4900 0.0
1489.801 65.4900 0.0
1490.303 65.0000 0.0
1490.803 65.3400 0.0
1491.305 65.1900 0.0
1491.806 64.9000 0.0
1492.308 64.9500 0.0
1492.809 64.9000 0.0
1493.310 65.0000 0.0
1493.812 64.7500 0.0
1494.314 64.8000 0.0
1494.814 64.6000 0.0
1495.317 64.4600 0.0
1495.818 64.5500 0.0
1496.319 64.5000 0.0
1496.821 64.3100 0.0
1497.322 64.2600 0.0
1497.824 64.3100 0.0
1498.325 64.0700 0.0
1498.827 64.2600 0.0
1499.328 64.1200 0.0
1499.830 63.9200 0.0
1500.331 63.8300 0.0
1500.833 63.6900 0.0
1501.334 63.6900 0.0
1501.836 63.6400 0.0
1502.336 63.5400 0.0
1502.840 63.4900 0.0
1503.342 63.5400 0.0
1503.842 63.4500 0.0
1504.344 63.3500 0.0
1504.846 63.4000 0.0
1505.348 63.1200 0.0
1505.848 63.2100 0.0
1506.350 62.9300 0.0
1506.852 63.1600 0.0
1507.353 62.9300 0.0
1507.854 62.8400 0.0
1508.356 62.7900 0.0
1508.857 62.7000 0.0
1509.359 62.6500 0.0
1509.860 62.6500 0.0
1510.361 62.6100 0.0
1510.862 62.6500 0.0
1511.364 62.2800 0.7
1511.866 62.1500 1.4
1512.367 62.0100 2.1
1512.869 62.1000 0.9
1513.370 61.7300 3.5
1513.872 62.1900 0.0
1514.374 61.9200 1.3
1514.875 61.9200 1.0
1515.377 61.8700 1.0
1515.878 61.8700 0.7
1516.379 61.7800 1.2
1516.881 61.7300 1.2
1517.383 61.7300 0.9
1517.885 61.6400 1.4
1518.387 61.6000 1.5
1518.887 61.3300 3.5
1519.389 61.3300 3.1
1519.890 61.4600 1.6
1520.392 61.1500 4.0
1520.893 61.2000 3.3
1521.394 61.1500 3.4
1521.896 61.0600 3.8
1522.398 60.9800 4.3
1522.898 61.0200 3.6
1523.401 60.8400 4.8
1523.902 60.9300 3.8
1524.403 60.8400 4.2
1524.904 60.7100 5.1
1525.406 60.8000 4.1
1525.908 60.6200 5.3
1526.409 60.5800 5.4
1526.911 60.5400 5.5
1527.412 60.4100 6.4
1527.914 60.4100 6.1
1528.415 60.2300 7.3
1528.917 60.2300 7.0
1529.418 60.3200 6.0
1529.920 60.1500 7.2
1530.422 60.0200 8.1
1530.924 59.9700 8.2
1531.426 60.0200 7.5
1531.926 59.9300 8.0
1532.428 59.9700 7.4
1532.930 59.9300 7.6
1533.432 59.9300 7.4
1533.932 59.6700 9.4
1534.434 59.6300 9.5
1534.935 59.7200 8.6
1535.437 59.5000 10.1
1535.938 59.6300 8.8
1536.440 59.4600 10.1
1536.941 59.6300 8.4
1537.443 59.3800 10.4
1537.944 59.4600 9.5
1538.445 59.3800 10.1
1538.946 59.2500 11.0
1539.448 59.2900 10.4
1539.949 59.0800 12.0
1540.451 59.2900 10.0
1540.952 59.2900 9.9
1541.454 59.1200 11.2
1541.956 59.1200 11.1
1542.457 59.1200 10.9
1542.959 58.9600 12.2
1543.460 59.0400 11.3
1543.962 58.9600 11.9
1544.463 59.0000 11.4
1544.965 59.1200 10.3
1545.467 59.0400 11.0
1545.969 59.1200 10.2
1546.469 58.8300 12.6
1546.971 58.9100 11.8
1547.473 58.9600 11.3
1547.974 58.9100 11.6
1548.476 58.9100 11.6
1548.976 58.8300 12.2
1549.478 59.0000 10.8
1549.980 58.8700 11.8
1550.482 58.9600 11.1
1550.982 58.8300 12.1
1551.485 58.8300 12.0
1551.986 58.8300 12.0
1552.487 58.8700 11.6
1552.988 58.8300 11.9
1553.490 58.8700 11.6
1553.991 58.9100 11.2
1554.493 58.8700 11.6
1554.994 58.8700 11.6
1555.496 58.8300 11.9
1555.997 58.9100 11.2
1556.498 58.8700 11.6
1557.000 58.7100 13.0
1557.501 59.5000 6.3
1558.003 58.9100 11.5
1558.504 58.9100 11.5
1559.006 58.9600 11.2
1559.508 58.9600 11.2
1560.010 58.8700 11.9
1560.510 58.9600 11.2
1561.012 59.0400 10.6
1561.514 58.9100 11.7
1562.016 59.0000 11.0
1562.516 59.0400 10.7
1563.018 59.0800 10.4
1563.520 59.1700 9.8
1564.021 59.0000 11.3
1564.523 59.2100 9.5
1565.024 59.2100 9.6
1565.526 59.2500 9.4
1566.027 59.2500 9.5
1566.528 59.2100 9.9
1567.029 59.2100 10.0
1567.531 59.3300 9.0
1568.032 59.3800 8.8
1568.534 59.4200 8.5
1569.035 59.4200 8.7
1569.537 59.3300 9.5
1570.038 59.3800 9.2
1570.540 59.5900 7.5
1571.041 59.3800 9.4
1571.543 59.5500 8.1
1572.045 59.2500 10.7
1572.547 59.6700 7.1
1573.049 59.7600 6.6
1573.549 59.8000 6.4
1574.051 59.6700 7.6
1574.553 59.7600 7.0
1575.055 59.7200 7.5
1575.555 60.0600 4.7
1576.057 59.8900 6.4
1576.558 59.9300 6.1
1577.060 59.9300 6.3
1577.562 59.8000 7.5
1578.062 60.0600 5.4
1578.564 60.0600 5.5
1579.066 60.0600 5.7
1579.568 60.1500 5.1
1580.069 60.2300 4.5
1580.570 60.3200 3.9
1581.072 60.4100 3.4
1581.573 60.2700 4.6
1582.074 60.3600 4.0
1582.576 60.3200 4.5
1583.077 60.4100 3.9
1583.579 60.5400 2.9
1584.080 60.3200 4.9
1584.582 60.5400 3.1
1585.083 60.5400 3.3
1585.585 60.5400 3.4
1586.086 60.7100 2.0
1586.588 60.6200 2.9
1587.090 60.6200 3.0
1587.592 60.8000 1.7
1588.094 60.7100 2.5
1588.594 60.6700 3.0
1589.096 60.8000 2.0
1589.598 60.8000 2.1
1590.100 60.8000 2.2
1590.600 60.8900 1.5
1591.102 60.8900 1.6
1591.603 60.8900 1.7
1592.105 61.0200 0.7
1592.607 60.9800 1.2
1593.107 61.0600 0.5
1593.610 61.0200 1.0
1594.111 61.0200 1.1
1594.612 61.0600 0.8
1595.113 60.8900 2.3
1595.615 61.2000 0.0
1596.117 61.2000 0.0
1596.618 61.2000 0.0
1597.120 61.2400 0.0
1597.621 61.3800 0.0
1598.123 61.2000 0.4
1598.624 61.2000 0.4
1599.126 61.2400 0.1
1599.627 61.2900 0.0
1600.129 61.3300 0.0
1600.631 61.4200 0.0
1601.133 61.2900 0.1
1601.633 61.2000 0.8
1602.135 61.4200 0.0
1602.637 61.3800 0.0
1603.138 61.3800 0.0
1603.639 61.4600 0.0
1604.141 61.3300 0.1
1604.642 61.3300 0.1
1605.144 61.4200 0.0
1605.644 61.3800 0.0
1606.146 61.5100 0.0
1606.648 61.4200 0.0
1607.150 61.4200 0.0
1607.652 61.3300 0.3
1608.152 61.3800 0.0
1608.654 61.4600 0.0
1609.155 61.3800 0.0
1609.657 61.3300 0.4
1610.158 61.3300 0.3
1610.660 61.3300 0.3
1611.161 61.4600 0.0
1611.663 61.3800 0.0
1612.165 61.5100 0.0
1612.666 61.2400 1.1
1613.168 61.5100 0.0
1613.669 61.3300 0.3
1614.172 61.3800 0.0
1614.672 61.3800 0.0
1615.174 61.3800 0.0
1615.676 61.3800 0.0
1616.178 61.2000 1.4
1616.678 61.2000 1.3
1617.180 61.2900 0.5
1617.682 61.2900 0.4
1618.184 61.2000 1.1
1618.684 61.2400 0.6
1619.186 61.2400 0.6
1619.687 61.1500 1.2
1620.189 61.2000 0.8
1620.690 61.1100 1.4
1621.192 61.2000 0.6
1621.694 61.1500 0.9
1622.194 61.1100 1.2
1622.696 61.1100 1.1
1623.197 60.9800 2.1
1623.699 60.9300 2.4
1624.200 61.4600 0.0
1624.702 61.0600 1.3
1625.203 60.9300 2.3
1625.705 60.8900 2.5
1626.206 61.1100 0.6
1626.708 60.5800 4.9
1627.209 60.9300 1.8
1627.711 60.8400 2.4
1628.213 60.8000 2.7
1628.715 60.7500 2.9
1629.217 60.8400 2.1
1629.717 61.1500 0.0
1630.219 60.7500 2.8
1630.721 60.6700 3.4
1631.222 60.8000 2.2
1631.723 60.6200 3.6
1632.225 60.7100 2.7
1632.726 60.5800 3.7
1633.228 60.4100 5.0
1633.728 60.5800 3.4
1634.230 60.6200 2.9
1634.732 60.7100 2.1
1635.234 60.4500 4.3
1635.735 60.3600 4.8
1636.236 60.1500 6.5
1636.738 60.3600 4.5
1637.239 60.5400 2.9
1637.741 60.5400 2.9
1638.242 60.3200 4.6
1638.744 60.2700 4.9
1639.245 60.2700 4.8
1639.747 60.0200 6.8
1640.248 60.2700 4.5
1640.750 60.3600 3.7
1641.251 60.2700 4.3
1641.753 60.1900 5.0
1642.254 60.2300 4.5
1642.756 60.1500 5.2
1643.258 60.1000 5.5
1643.760 60.9300 0.0
1644.260 60.1900 4.9
1644.762 60.0600 5.9
1645.264 59.9300 6.8
1645.766 59.9300 6.7
1646.268 60.0600 5.5
1646.768 59.9700 6.1
1647.270 59.9700 6.0
1647.771 59.9700 5.9
1648.273 59.8900 6.5
1648.774 60.4500 1.7
1649.276 59.8400 6.9
1649.777 59.8400 6.8
1650.278 59.8000 7.0
1650.779 59.7600 7.3
1651.281 59.7200 7.5
1651.783 59.7200 7.4
1652.284 59.7600 6.9
1652.786 59.5900 8.3
1653.287 59.6300 7.8
1653.789 59.7200 7.0
1654.290 59.6700 7.3
1654.792 59.5900 7.9
1655.293 59.5900 7.8
1655.795 59.5900 7.7
1656.297 59.5900 7.7
1656.799 59.5500 8.0
1657.299 59.5500 7.9
1657.801 59.6700 6.8
1658.303 59.4200 8.9
1658.805 59.1200 11.2
1659.306 59.5900 7.2
1659.807 59.6700 6.4
1660.309 59.4600 8.2
1660.810 59.7600 5.7
1661.312 59.4200 8.6
1661.812 59.1700 10.7
1662.314 59.5000 7.7
1662.816 59.4200 8.4
1663.318 59.4200 8.3
1663.819 59.4600 8.0
1664.320 59.4600 8.0
1664.821 59.2900 9.4
1665.323 59.4600 7.9
1665.824 59.4200 8.2
1666.326 59.3300 8.9
1666.828 59.7200 5.7
1667.329 59.8000 5.1
1667.831 59.4600 8.1
1668.332 59.3800 8.8
1668.834 59.4200 8.4
1669.335 59.4200 8.4
1669.836 59.2100 10.1
1670.338 59.4200 8.3
1670.840 59.2900 9.3
1671.342 59.4200 8.2
1671.844 59.4600 7.9
1672.344 59.4200 8.3
1672.846 59.5000 7.6
1673.348 59.4600 8.0
1673.850 59.5000 7.6
1674.350 59.4600 8.0
1674.852 59.3800 8.7
1675.354 59.5000 7.7
1675.855 59.4600 8.1
1676.357 59.4200 8.4
1676.857 59.4200 8.4
1677.360 59.5000 7.7
1677.861 59.5900 7.1
1678.362 59.3300 9.2
1678.864 59.5900 7.1
1679.365 59.6300 6.8
1679.867 59.5500 7.6
1680.368 59.6300 6.9
1680.870 59.5900 7.3
1681.371 59.4600 8.4
1681.873 59.7200 6.3
1682.374 59.6700 6.8
1682.876 59.5900 7.5
1683.377 59.6700 6.9
1683.879 59.7200 6.6
1684.381 59.5900 7.7
1684.883 59.9300 4.9
1685.383 59.6700 7.2
1685.885 59.6700 7.2
1686.387 60.1000 3.6
1686.888 59.7200 7.0
1687.389 59.8000 6.3
1687.891 59.7600 6.8
1688.392 59.8000 6.4
1688.894 59.9300 5.4
1689.394 59.7200 7.3
1689.896 59.8900 5.9
1690.398 59.7600 7.0
1690.900 59.9300 5.6
1691.402 59.8000 6.7
1691.902 60.0200 5.0
1692.404 60.0600 4.7
1692.905 60.1500 4.1
1693.407 60.0600 4.9
1693.909 60.0600 5.0
1694.410 59.9700 5.8
1694.912 60.0200 5.5
1695.413 59.9700 5.9
1695.915 60.1000 4.8
1696.416 60.0600 5.2
1696.918 60.1500 4.6
1697.419 60.0200 5.7
1697.922 60.2300 3.9
1698.422 60.3200 3.3
1698.924 60.2700 3.8
1699.426 60.2700 3.9
1699.928 60.3600 3.2
1700.428 60.3200 3.7
1700.930 60.3200 3.8
1701.432 60.2700 4.2
1701.934 60.4100 3.1
1702.434 60.2700 4.3
1702.936 60.4500 2.9
1703.437 60.4900 2.6
1703.939 60.4900 2.7
1704.441 60.3600 3.9
1704.942 60.4500 3.2
1705.444 60.4100 3.6
1705.944 60.4500 3.2
1706.446 60.4100 3.7
1706.947 60.5400 2.6
1707.449 60.5800 2.3
1707.950 60.4500 3.5
1708.452 60.3600 4.2
1708.953 60.6200 2.0
1709.455 60.5400 2.8
1709.956 60.4100 3.9
1710.458 60.4900 3.2
1710.960 60.4500 3.6
1711.461 60.5400 2.8
1711.963 60.5800 2.5
1712.465 60.5400 2.9
1712.967 60.6700 1.8
1713.467 60.7500 1.1
1713.969 60.5800 2.7
1714.471 60.7500 1.2
1714.972 60.6700 2.0
1715.473 60.7100 1.7
1715.975 60.6200 2.5
1716.476 60.5400 3.2
1716.978 60.6200 2.4
1717.478 60.6200 2.5
1717.980 60.6700 2.1
1718.482 60.6700 2.1
1718.984 60.6700 2.1
1719.486 60.6700 2.1
1719.986 60.7500 1.4
1720.488 60.7100 1.8
1720.989 60.6200 2.5
1721.491 60.6700 2.1
1721.992 60.6700 2.1
1722.494 60.5800 2.9
1722.995 60.6700 2.1
1723.497 60.7500 1.4
1723.998 60.4100 4.3
1724.500 60.6200 2.4
1725.001 60.6200 2.3
1725.503 60.4100 4.2
1726.006 60.4500 3.7
1726.508 60.4500 3.6
1727.008 60.4900 3.2
1727.510 60.2700 5.0
1728.012 60.5800 2.3
1728.514 60.3200 4.5
1729.014 60.3600 4.0
1729.516 60.3200 4.3
1730.018 60.3200 4.2
1730.519 60.2700 4.5
1731.020 60.2300 4.8
1731.522 59.9700 6.9
1732.023 59.8900 7.4
1732.525 60.0200 6.1
1733.026 60.1500 4.9
1733.527 59.8900 7.0
1734.028 59.5000 10.1
1734.530 59.7600 7.7
1735.031 59.7200 7.9
1735.533 59.7200 7.7
1736.034 59.6300 8.3
1736.536 59.6700 7.8
1737.037 59.6700 7.7
1737.539 59.5900 8.3
1738.041 59.7200 7.1
1738.542 59.4600 9.2
1739.044 59.5000 8.7
1739.545 59.4600 8.9
1740.047 59.4200 9.1
1740.549 59.5900 7.6
1741.051 59.4600 8.6
1741.551 59.2500 10.3
1742.053 59.2500 10.1
1742.555 59.1700 10.7
1743.056 59.2100 10.2
1743.558 59.2900 9.4
1744.059 59.2500 9.7
1744.560 59.1700 10.3
1745.062 59.2500 9.5
1745.562 59.2500 9.4
1746.064 59.0800 10.8
1746.566 59.0800 10.7
1747.068 59.0800 10.6
1747.569 59.0800 10.5
1748.070 59.2500 9.0
1748.572 59.0000 11.1
1749.073 59.3300 8.2
1749.575 59.0800 10.4
1750.076 59.0000 11.1
1750.578 59.0800 10.3
1751.079 59.2100 9.2
1751.581 59.0000 11.0
1752.082 59.2100 9.2
1752.584 59.0000 11.0
1753.085 59.0800 10.2
1753.586 59.0800 10.2
1754.088 59.0400 10.6
1754.590 59.0800 10.2
1755.092 58.9600 11.2
1755.594 58.9600 11.2
1756.096 58.8700 11.9
1756.596 59.0400 10.4
1757.098 59.0800 10.1
1757.600 59.0800 10.1
1758.102 59.2500 8.7
1758.603 59.1200 9.9
1759.104 59.2100 9.2
1759.606 59.0800 10.3
1760.107 59.1200 10.0
1760.607 59.1200 10.0
1761.110 59.1200 10.1
1761.611 59.1200 10.1
1762.112 59.2900 8.7
1762.613 59.1700 9.9
1763.116 59.1700 10.0
1763.617 59.1700 10.2
1764.119 59.2100 10.0
1764.621 59.2500 9.8
1765.122 59.1200 11.1
1765.624 59.2100 10.6
1766.125 59.3300 9.7
1766.627 59.2900 10.3
1767.128 59.3300 10.2
1767.631 59.4600 9.4
1768.131 59.4200 10.1
1768.633 59.4600 10.0
1769.135 59.3800 11.0
1769.637 59.5900 9.5
1770.138 59.5500 10.2
1770.639 59.5500 10.6
1771.141 59.4600 11.6
1771.642 59.6700 10.1
1772.144 59.6300 10.9
1772.644 59.7200 10.5
1773.146 59.7600 10.6
1773.648 59.6700 11.7
1774.150 59.6300 12.4
1774.652 59.5900 13.1
1775.152 59.8400 11.2
1775.654 59.8000 12.0
1776.155 59.8000 12.4
1776.657 59.9300 11.8
1777.158 59.9300 12.2
1777.659 60.0200 11.9
1778.161 59.8900 13.4
1778.663 59.9300 13.5
1779.164 61.8200 0.0
1779.666 60.1900 12.9
1780.167 60.1500 13.7
1780.669 60.1900 13.7
1781.170 60.1900 14.2
1781.672 60.2300 14.2
1782.174 60.2700 14.3
1782.676 60.2700 14.7
1783.176 60.4500 13.7
1783.678 60.4900 13.9
1784.180 60.5400 14.0
1784.682 60.5400 14.5
1785.182 60.4900 15.4
1785.684 61.6000 6.6
1786.185 60.5800 16.0
1786.687 60.6200 16.1
1787.188 60.7500 15.5
1787.690 60.8900 14.9
1788.191 60.7500 16.6
1788.693 60.8400 16.3
1789.194 61.0200 15.4
1789.695 61.1500 14.8
1790.196 61.1100 15.8
1790.698 61.2000 15.7
1791.200 61.2000 16.3
1791.701 61.0600 18.0
1792.203 61.2400 17.0
1792.705 61.3300 16.9
1793.206 61.5100 16.0
1793.708 61.4600 17.0
1794.209 61.5500 16.9
1794.711 61.5100 17.9
1795.212 61.6000 17.7
1795.715 61.5500 18.7
1796.215 61.7800 17.4
1796.717 61.7800 18.1
1797.219 61.9600 17.2
1797.721 61.8700 18.7
1798.221 61.9600 18.5
1798.723 61.9600 19.2
1799.225 62.1500 18.3
1799.726 62.1000 19.4
1800.228 62.1500 19.6
1800.728 62.3300 18.8
1801.230 62.1900 20.6
1801.732 62.4200 19.3
1802.234 62.5600 18.9
1802.735 62.4700 20.4
1803.236 62.6100 19.9
1803.737 62.7900 19.1
1804.239 62.8800 19.0
1804.740 62.9800 19.0
1805.242 62.9800 19.8
1805.743 62.8800 21.3
1806.245 63.2100 19.3
1806.747 63.1600 20.4
1807.249 63.4000 19.2
1807.750 63.4500 19.6
1808.251 63.5900 19.2
1808.753 63.4500 21.2
1809.254 63.5900 20.8
1809.756 63.6900 20.7
1810.258 63.8300 20.3
1810.760 64.0200 19.5
1811.260 63.8800 21.5
1811.762 63.9700 21.5
1812.264 64.4100 18.6
1812.766 64.6500 17.5
1813.268 64.6500 18.4
1813.768 64.5500 20.1
1814.270 64.6500 20.1
1814.771 64.9000 18.9
1815.273 64.9500 19.4
1815.774 65.0500 19.4
1816.276 64.9000 21.6
1816.777 65.0500 21.1
1817.278 65.4400 18.6
1817.779 65.3900 19.9
1818.281 65.3900 20.8
1818.790 65.6500 19.5
0.502 66.0500 0.7
1.005 66.2000 0.0
1.505 66.2600 0.0
2.005 66.2000 0.0
2.506 65.7000 4.3
3.008 66.5600 0.0
3.509 66.8200 0.0
4.011 66.8200 0.0
4.512 66.8800 0.0
5.013 67.1900 0.0
5.515 67.0300 0.0
6.016 67.0300 0.0
6.518 67.4000 0.0
7.019 67.5100 0.0
7.521 67.5100 0.0
8.022 67.8800 0.0
8.523 67.7200 0.0
9.025 67.8800 0.0
9.527 67.9900 0.0
10.029 67.9900 0.0
10.529 68.1500 0.0
11.031 68.1500 0.0
11.532 68.3700 0.0
12.034 68.4800 0.0
12.535 68.4800 0.0
13.036 68.7000 0.0
13.538 68.6400 0.0
14.039 68.7000 0.0
14.541 68.8700 0.0
15.042 68.9800 0.0
15.544 69.2000 0.0
16.046 69.2500 0.0
16.546 69.1400 0.0
17.047 69.1400 0.0
17.549 69.3700 0.0
18.050 69.3100 0.0
18.552 69.4200 0.0
19.053 69.3100 0.0
19.554 69.4800 0.0
20.056 69.4800 0.0
20.557 69.5400 0.0
21.059 69.6500 0.0
21.560 69.7100 0.0
22.062 69.7600 0.0
