# time_s  setpoint_c  celsius  duty_pct  err_real  err_pred  predicted_c  rate_c_s
0.804 57.94 58.1300 0.0 -0.191 0.084 58.25 0.0103
0.902 57.94 58.1500 0.0 -0.204 0.103 58.28 0.0110
1.004 57.95 58.1800 0.0 -0.231 0.098 58.33 0.0125
1.104 57.95 58.1900 0.0 -0.239 0.121 58.35 0.0131
1.203 57.96 58.2100 0.0 -0.249 0.140 58.37 0.0137
1.303 57.96 58.2300 0.0 -0.273 0.137 58.42 0.0151
1.403 57.97 58.2700 0.0 -0.305 0.119 58.47 0.0169
1.504 57.97 58.2900 0.0 -0.316 0.135 58.50 0.0176
1.603 57.98 58.3200 0.0 -0.338 0.133 58.54 0.0189
1.704 57.98 58.3500 0.0 -0.361 0.128 58.59 0.0203
1.804 57.99 58.3600 0.0 -0.370 0.143 58.61 0.0210
1.903 58.00 58.3800 0.0 -0.382 0.155 58.64 0.0218
2.004 58.00 58.4000 0.0 -0.400 0.155 58.68 0.0229
2.103 58.01 58.4200 0.0 -0.406 0.173 58.70 0.0235
2.202 58.02 58.4500 0.0 -0.435 0.154 58.76 0.0252
2.304 58.03 58.4700 0.0 -0.439 0.176 58.77 0.0256
2.403 58.03 58.4900 0.0 -0.458 0.172 58.82 0.0269
2.503 58.04 58.5000 0.0 -0.462 0.192 58.83 0.0273
2.603 58.05 58.5300 0.0 -0.483 0.182 58.88 0.0287
2.703 58.06 58.5600 0.0 -0.498 0.183 58.91 0.0297
2.803 58.07 58.5600 0.0 -0.490 0.218 58.91 0.0296
2.902 58.08 58.6000 0.0 -0.522 0.191 58.98 0.0315
3.004 58.09 58.6200 0.0 -0.530 0.200 59.00 0.0322
3.104 58.10 58.6200 0.0 -0.528 0.226 59.01 0.0324
3.203 58.11 58.6600 0.0 -0.551 0.212 59.06 0.0339
3.303 58.12 58.6700 0.0 -0.556 0.224 59.09 0.0345
3.403 58.13 58.7000 0.0 -0.575 0.212 59.13 0.0358
3.503 58.14 58.7200 0.0 -0.579 0.225 59.15 0.0363
3.603 58.15 58.7300 0.0 -0.584 0.238 59.17 0.0369
3.703 58.16 58.7600 0.0 -0.598 0.234 59.21 0.0379
3.804 58.17 58.7700 0.0 -0.600 0.247 59.23 0.0384
3.902 58.18 58.7900 0.0 -0.611 0.247 59.26 0.0393
4.003 58.19 58.8100 0.0 -0.617 0.254 59.29 0.0400
4.104 58.20 58.8200 0.0 -0.622 0.263 59.31 0.0406
4.203 58.21 58.8600 0.0 -0.645 0.244 59.36 0.0421
4.303 58.23 58.8800 0.0 -0.656 0.241 59.40 0.0431
4.402 58.24 58.8900 0.0 -0.653 0.261 59.41 0.0433
4.504 58.25 58.9000 0.0 -0.654 0.275 59.43 0.0437
4.603 58.26 58.9300 0.0 -0.665 0.271 59.46 0.0447
4.702 58.27 58.9500 0.0 -0.675 0.268 59.50 0.0456
4.804 58.29 58.9700 0.0 -0.683 0.268 59.53 0.0463
4.903 58.30 58.9900 0.0 -0.688 0.273 59.55 0.0470
5.003 58.31 59.0100 0.0 -0.699 0.268 59.59 0.0480
5.103 58.33 59.0200 0.0 -0.693 0.290 59.60 0.0481
5.203 58.34 59.0400 0.0 -0.705 0.283 59.63 0.0491
5.304 58.35 59.0700 0.0 -0.713 0.281 59.66 0.0499
5.402 58.37 59.0700 0.0 -0.706 0.305 59.67 0.0500
5.503 58.38 59.1000 0.0 -0.717 0.297 59.71 0.0510
5.604 58.39 59.1100 0.0 -0.720 0.302 59.73 0.0516
5.703 58.41 59.1300 0.0 -0.726 0.302 59.76 0.0523
5.803 58.42 59.1500 0.0 -0.725 0.313 59.78 0.0527
5.903 58.43 59.1600 0.0 -0.729 0.316 59.80 0.0533
6.004 58.45 59.1800 0.0 -0.735 0.316 59.83 0.0540
6.103 58.46 59.2000 0.0 -0.738 0.320 59.86 0.0546
6.202 58.48 59.2300 0.0 -0.749 0.311 59.89 0.0557
6.304 58.49 59.2400 0.0 -0.748 0.320 59.91 0.0561
6.402 58.51 59.2600 0.0 -0.753 0.320 59.94 0.0567
6.503 58.52 59.2800 0.0 -0.758 0.320 59.97 0.0574
6.604 58.54 59.3000 0.0 -0.766 0.315 60.00 0.0583
6.703 58.55 59.3100 0.0 -0.758 0.334 60.01 0.0583
6.803 58.57 59.3300 0.0 -0.763 0.333 60.04 0.0590
6.903 58.58 59.3500 0.0 -0.769 0.329 60.07 0.0598
7.004 58.60 59.3700 0.0 -0.772 0.331 60.09 0.0604
7.103 58.61 59.3700 0.0 -0.762 0.353 60.10 0.0604
7.202 58.63 59.4000 0.0 -0.770 0.345 60.13 0.0613
7.304 58.64 59.4200 0.0 -0.773 0.348 60.16 0.0619
7.402 58.66 59.4300 0.0 -0.772 0.353 60.18 0.0623
7.503 58.67 59.4500 0.0 -0.778 0.349 60.21 0.0631
7.604 58.69 59.4600 0.0 -0.775 0.357 60.23 0.0634
7.703 58.71 59.4700 0.0 -0.769 0.370 60.24 0.0636
7.803 58.72 59.4900 0.0 -0.767 0.379 60.26 0.0640
7.902 58.74 59.5100 0.0 -0.773 0.373 60.29 0.0648
8.004 58.75 59.5200 0.0 -0.770 0.382 60.31 0.0651
8.103 58.77 59.5500 0.0 -0.775 0.376 60.34 0.0658
8.202 58.79 59.5600 0.0 -0.774 0.381 60.36 0.0663
8.304 58.80 59.5700 0.0 -0.768 0.395 60.37 0.0664
8.403 58.82 59.5800 0.0 -0.764 0.405 60.38 0.0667
8.503 58.84 59.6100 0.0 -0.773 0.392 60.42 0.0677
8.603 58.85 59.6300 0.0 -0.773 0.394 60.44 0.0682
8.703 58.87 59.6300 0.0 -0.765 0.411 60.45 0.0682
8.803 58.89 59.6500 0.0 -0.766 0.411 60.48 0.0688
8.902 58.90 59.6600 0.0 -0.761 0.421 60.49 0.0690
9.004 58.92 59.6700 0.0 -0.749 0.442 60.50 0.0689
9.104 58.94 59.6900 0.0 -0.757 0.431 60.53 0.0698
9.203 58.95 59.7100 0.0 -0.757 0.432 60.55 0.0703
9.303 58.97 59.7200 0.0 -0.750 0.446 60.56 0.0705
9.403 58.99 59.7400 0.0 -0.752 0.444 60.59 0.0711
9.504 59.00 59.7500 0.0 -0.743 0.460 60.60 0.0711
9.603 59.02 59.7700 0.0 -0.747 0.453 60.63 0.0718
9.702 59.04 59.7800 0.0 -0.739 0.468 60.64 0.0719
9.805 59.06 59.7900 0.0 -0.733 0.476 60.66 0.0722
9.903 59.07 59.8000 0.0 -0.725 0.491 60.66 0.0722
10.003 59.09 59.8100 0.0 -0.720 0.498 60.68 0.0725
10.103 59.11 59.8300 0.0 -0.725 0.491 60.71 0.0733
10.202 59.13 59.8500 0.0 -0.724 0.491 60.73 0.0737
10.304 59.14 59.8600 0.0 -0.719 0.500 60.75 0.0740
10.402 59.16 59.8700 0.0 -0.710 0.514 60.76 0.0740
10.503 59.18 59.8800 0.0 -0.701 0.529 60.77 0.0741
10.604 59.20 59.8900 0.0 -0.694 0.539 60.78 0.0742
10.703 59.21 59.9000 0.0 -0.691 0.542 60.80 0.0746
10.803 59.23 59.9200 0.0 -0.687 0.550 60.82 0.0749
10.902 59.25 59.9300 0.0 -0.676 0.564 60.82 0.0749
11.004 59.27 59.9400 0.0 -0.670 0.574 60.84 0.0751
11.104 59.29 59.9400 0.0 -0.660 0.589 60.85 0.0751
11.203 59.30 59.9700 0.0 -0.664 0.581 60.88 0.0759
11.303 59.32 59.9800 0.0 -0.657 0.591 60.89 0.0761
11.403 59.34 59.9900 0.0 -0.655 0.594 60.91 0.0764
11.503 59.36 60.0000 0.0 -0.647 0.605 60.92 0.0766
11.603 59.38 60.0200 0.0 -0.646 0.605 60.95 0.0771
11.703 59.39 60.0300 0.0 -0.641 0.610 60.96 0.0773
11.803 59.41 60.0400 0.0 -0.626 0.632 60.96 0.0771
11.902 59.43 60.0500 0.0 -0.624 0.632 60.98 0.0775
12.004 59.45 60.0700 0.0 -0.617 0.641 61.00 0.0777
12.104 59.47 60.0800 0.0 -0.614 0.645 61.02 0.0781
12.203 59.48 60.0900 0.0 -0.608 0.653 61.03 0.0783
12.303 59.50 60.1000 0.0 -0.594 0.671 61.03 0.0781
12.403 59.52 60.1200 0.0 -0.598 0.663 61.07 0.0788
12.504 59.54 60.1300 0.0 -0.588 0.678 61.07 0.0789
12.603 59.56 60.1500 0.0 -0.588 0.675 61.10 0.0794
12.703 59.58 60.1500 0.0 -0.577 0.689 61.11 0.0794
12.804 59.60 60.1600 0.0 -0.564 0.706 61.11 0.0793
12.902 59.61 60.1700 0.0 -0.559 0.713 61.13 0.0795
13.003 59.63 60.1800 0.0 -0.550 0.725 61.14 0.0797
13.104 59.65 60.2000 0.0 -0.544 0.731 61.15 0.0799
13.203 59.67 60.2100 0.0 -0.539 0.736 61.17 0.0802
13.303 59.69 60.2100 0.0 -0.525 0.754 61.17 0.0800
13.403 59.71 60.2300 0.0 -0.518 0.764 61.19 0.0802
13.504 59.73 60.2400 0.0 -0.519 0.758 61.21 0.0808
13.603 59.74 60.2400 0.0 -0.493 0.796 61.20 0.0800
13.703 59.76 60.2600 0.0 -0.493 0.794 61.22 0.0805
13.804 59.78 60.2600 0.0 -0.483 0.807 61.23 0.0806
13.902 59.80 60.2700 0.0 -0.473 0.819 61.24 0.0806
14.003 59.82 60.2800 0.0 -0.459 0.836 61.24 0.0804
14.104 59.84 60.3000 0.0 -0.460 0.831 61.27 0.0810
14.203 59.86 60.3100 0.0 -0.449 0.844 61.28 0.0810
14.303 59.88 60.3100 0.0 -0.437 0.861 61.29 0.0810
14.403 59.90 60.3200 0.0 -0.424 0.877 61.29 0.0809
14.504 59.91 60.3300 0.0 -0.413 0.892 61.30 0.0808
14.603 59.93 60.3400 0.0 -0.406 0.897 61.31 0.0811
14.702 59.95 60.3400 0.0 -0.386 0.928 61.30 0.0806
14.804 59.97 60.3600 0.0 -0.388 0.918 61.33 0.0812
14.903 59.99 60.3700 0.0 -0.376 0.935 61.34 0.0812
15.003 60.01 60.3800 0.0 -0.370 0.939 61.36 0.0814
15.103 60.03 60.3900 0.0 -0.359 0.951 61.36 0.0814
15.203 60.05 60.4000 0.0 -0.357 0.951 61.39 0.0819
15.303 60.07 60.4100 0.0 -0.341 0.971 61.39 0.0816
15.402 60.09 60.4100 0.0 -0.326 0.993 61.39 0.0814
15.504 60.11 60.4200 0.0 -0.316 1.003 61.40 0.0815
15.604 60.12 60.4300 0.0 -0.309 1.010 61.41 0.0817
15.703 60.14 60.4400 0.0 -0.301 1.018 61.43 0.0818
15.803 60.16 60.4600 0.0 -0.293 1.025 61.44 0.0820
15.903 60.18 60.4500 0.0 -0.270 1.058 61.43 0.0814
16.003 60.20 60.4700 0.0 -0.271 1.052 61.46 0.0820
16.103 60.22 60.4700 0.0 -0.254 1.076 61.45 0.0817
16.203 60.24 60.4900 0.0 -0.254 1.071 61.48 0.0822
16.304 60.26 60.4900 0.0 -0.235 1.095 61.48 0.0818
16.402 60.28 60.5000 0.0 -0.224 1.109 61.48 0.0818
16.503 60.30 60.5200 0.0 -0.218 1.114 61.50 0.0821
16.604 60.32 60.5300 0.0 -0.210 1.119 61.51 0.0823
16.703 60.34 60.5200 0.0 -0.187 1.152 61.50 0.0817
16.803 60.36 60.5400 0.0 -0.188 1.147 61.53 0.0822
16.903 60.37 60.5500 0.0 -0.175 1.161 61.54 0.0822
17.004 60.39 60.5600 0.0 -0.170 1.165 61.55 0.0825
17.103 60.41 60.5700 0.0 -0.152 1.188 61.55 0.0821
17.202 60.43 60.5800 0.0 -0.145 1.194 61.57 0.0823
17.304 60.45 60.5700 0.0 -0.121 1.227 61.55 0.0817
17.403 60.47 60.5800 0.0 -0.107 1.245 61.56 0.0816
17.503 60.49 60.5900 0.0 -0.100 1.251 61.57 0.0818
17.603 60.51 60.6100 0.0 -0.100 1.246 61.60 0.0823
17.703 60.53 60.6100 0.0 -0.083 1.267 61.60 0.0820
17.804 60.55 60.6100 0.0 -0.064 1.290 61.59 0.0817
17.902 60.57 60.6400 0.0 -0.067 1.280 61.62 0.0824
18.003 60.59 60.6300 0.0 -0.044 1.314 61.61 0.0818
18.104 60.61 60.6400 0.0 -0.033 1.324 61.62 0.0818
18.203 60.63 60.6500 0.0 -0.027 1.329 61.64 0.0821
18.303 60.65 60.6600 0.0 -0.008 1.353 61.64 0.0817
18.403 60.67 60.6600 0.0 0.005 1.367 61.64 0.0816
18.504 60.69 60.6700 0.0 0.013 1.376 61.65 0.0818
18.603 60.71 60.6800 0.0 0.029 1.394 61.65 0.0815
18.702 60.73 60.6900 0.0 0.035 1.399 61.67 0.0818
18.804 60.74 60.6900 0.0 0.059 1.434 61.66 0.0812
18.902 60.76 60.7000 0.0 0.064 1.435 61.68 0.0815
19.003 60.78 60.7000 0.0 0.081 1.455 61.68 0.0812
19.104 60.80 60.7000 0.0 0.099 1.477 61.68 0.0809
19.203 60.82 60.7200 0.0 0.106 1.484 61.69 0.0811
19.304 60.84 60.7200 0.0 0.122 1.502 61.69 0.0809
19.402 60.86 60.7200 0.0 0.139 1.526 61.69 0.0806
19.503 60.88 60.7300 0.0 0.155 1.545 61.69 0.0804
19.604 60.90 60.7300 0.0 0.175 1.568 61.69 0.0800
19.703 60.92 60.7600 0.0 0.165 1.548 61.73 0.0810
19.803 60.94 60.7500 0.0 0.188 1.578 61.72 0.0805
19.903 60.96 60.7600 0.0 0.199 1.591 61.73 0.0805
20.004 60.98 60.7700 0.0 0.207 1.596 61.74 0.0807
20.103 61.00 60.7800 0.0 0.223 1.618 61.74 0.0805
20.202 61.02 60.7800 0.0 0.239 1.635 61.74 0.0803
20.304 61.04 60.7800 0.0 0.262 1.666 61.73 0.0797
20.402 61.06 60.7800 0.0 0.280 1.690 61.73 0.0794
20.503 61.08 60.7900 0.0 0.284 1.690 61.75 0.0798
20.603 61.10 60.8000 0.0 0.297 1.704 61.76 0.0797
20.703 61.12 60.8000 0.0 0.319 1.733 61.75 0.0792
20.803 61.14 60.8100 0.0 0.331 1.746 61.76 0.0792
20.902 61.16 60.8200 0.0 0.336 1.747 61.78 0.0795
21.004 61.18 60.8200 0.0 0.360 1.780 61.76 0.0789
21.103 61.20 60.8200 0.0 0.375 1.796 61.77 0.0788
21.202 61.22 60.8200 0.0 0.392 1.819 61.77 0.0785
21.304 61.24 60.8400 0.0 0.400 1.825 61.78 0.0787
21.403 61.26 60.8400 0.0 0.417 1.845 61.78 0.0784
21.503 61.28 60.8400 0.0 0.434 1.866 61.78 0.0782
21.603 61.30 60.8400 0.0 0.452 1.885 61.78 0.0779
21.703 61.32 60.8600 0.0 0.456 1.887 61.80 0.0783
21.803 61.33 60.8600 0.0 0.474 1.909 61.80 0.0780
21.903 61.35 60.8700 0.0 0.487 1.923 61.80 0.0779
22.004 61.37 60.8700 0.0 0.507 1.949 61.80 0.0775
22.103 61.39 60.8800 0.0 0.517 1.958 61.81 0.0776
22.202 61.41 60.8800 0.0 0.529 1.971 61.82 0.0776
22.304 61.43 60.8900 0.0 0.542 1.984 61.82 0.0776
22.402 61.45 60.8900 0.0 0.565 2.014 61.81 0.0770
22.503 61.47 60.9000 0.0 0.575 2.025 61.82 0.0771
22.604 61.49 60.9100 0.0 0.585 2.033 61.83 0.0772
22.703 61.51 60.9000 0.0 0.616 2.077 61.81 0.0763
22.803 61.53 60.9000 0.0 0.631 2.092 61.82 0.0761
22.904 61.55 60.9100 0.0 0.643 2.107 61.82 0.0761
23.005 61.57 60.9100 0.0 0.658 2.124 61.83 0.0760
23.104 61.59 60.9200 0.0 0.677 2.147 61.82 0.0757
23.204 61.61 60.9200 0.0 0.689 2.160 61.83 0.0757
23.305 61.63 60.9300 0.0 0.700 2.170 61.84 0.0758
23.403 61.65 60.9300 0.0 0.717 2.191 61.84 0.0755
23.504 61.67 60.9400 0.0 0.731 2.206 61.85 0.0754
23.604 61.69 60.9500 0.0 0.746 2.223 61.85 0.0753
23.705 61.71 60.9400 0.0 0.772 2.258 61.83 0.0746
23.804 61.73 60.9600 0.0 0.774 2.253 61.86 0.0751
23.904 61.75 60.9500 0.0 0.796 2.281 61.85 0.0746
24.005 61.77 60.9500 0.0 0.821 2.313 61.84 0.0740
24.104 61.79 60.9700 0.0 0.822 2.308 61.86 0.0746
24.204 61.81 60.9700 0.0 0.838 2.328 61.87 0.0744
24.305 61.83 60.9800 0.0 0.853 2.345 61.87 0.0742
24.404 61.85 60.9700 0.0 0.884 2.386 61.85 0.0734
24.504 61.87 60.9700 0.0 0.900 2.405 61.85 0.0732
24.604 61.89 60.9800 0.0 0.909 2.415 61.86 0.0733
24.705 61.91 60.9800 0.0 0.928 2.434 61.86 0.0730
24.804 61.93 60.9900 0.0 0.940 2.448 61.87 0.0731
