# time_s  setpoint_c  celsius  duty_pct  err_real  err_pred  predicted_c  rate_c_s
13.709 60.57 63.0700 0.0 -2.492 -4.200 63.37 0.0251
13.809 60.56 63.0700 0.0 -2.503 -4.182 63.37 0.0249
13.908 60.55 63.0500 0.0 -2.496 -4.133 63.33 0.0239
14.009 60.54 63.0800 0.0 -2.536 -4.162 63.38 0.0252
14.108 60.53 63.0700 0.0 -2.539 -4.131 63.36 0.0247
14.209 60.52 63.0700 0.0 -2.551 -4.119 63.37 0.0246
14.309 60.51 63.0700 0.0 -2.563 -4.105 63.37 0.0246
14.408 60.50 63.0800 0.0 -2.582 -4.101 63.38 0.0249
14.509 60.49 63.0800 0.0 -2.590 -4.082 63.37 0.0247
14.608 60.48 63.0600 0.0 -2.584 -4.041 63.35 0.0238
14.709 60.47 63.0900 0.0 -2.620 -4.070 63.39 0.0250
14.809 60.46 63.0800 0.0 -2.624 -4.044 63.38 0.0246
14.908 60.45 63.0800 0.0 -2.633 -4.031 63.38 0.0245
15.008 60.44 63.0900 0.0 -2.645 -4.021 63.38 0.0245
15.108 60.43 63.0800 0.0 -2.645 -3.991 63.36 0.0239
15.208 60.42 63.0700 0.0 -2.649 -3.970 63.36 0.0236
15.309 60.42 63.0900 0.0 -2.672 -3.980 63.38 0.0242
15.407 60.41 63.0900 0.0 -2.688 -3.979 63.39 0.0244
15.509 60.40 63.0800 0.0 -2.677 -3.934 63.36 0.0233
15.608 60.39 63.0900 0.0 -2.699 -3.945 63.38 0.0239
15.709 60.38 63.0900 0.0 -2.711 -3.938 63.38 0.0240
15.808 60.38 63.0800 0.0 -2.708 -3.909 63.36 0.0234
15.908 60.37 63.1000 0.0 -2.730 -3.921 63.39 0.0240
16.008 60.36 63.1000 0.0 -2.736 -3.906 63.38 0.0238
16.108 60.35 63.1000 0.0 -2.751 -3.906 63.39 0.0240
16.209 60.35 63.0900 0.0 -2.743 -3.872 63.37 0.0232
16.308 60.34 63.1100 0.0 -2.767 -3.887 63.39 0.0239
16.408 60.33 63.1000 0.0 -2.767 -3.864 63.38 0.0235
16.508 60.33 63.0800 0.0 -2.758 -3.828 63.35 0.0226
16.608 60.32 63.0900 0.0 -2.774 -3.833 63.37 0.0229
16.708 60.31 63.0900 0.0 -2.779 -3.818 63.36 0.0227
16.809 60.31 63.0900 0.0 -2.779 -3.799 63.35 0.0223
16.907 60.30 63.1100 0.0 -2.806 -3.822 63.39 0.0232
17.009 60.29 63.0900 0.0 -2.790 -3.778 63.35 0.0220
17.108 60.29 63.0900 0.0 -2.802 -3.776 63.36 0.0222
17.209 60.28 63.1000 0.0 -2.819 -3.785 63.37 0.0227
17.308 60.28 63.1000 0.0 -2.824 -3.776 63.37 0.0226
17.408 60.27 63.1100 0.0 -2.833 -3.771 63.38 0.0226
17.509 60.27 63.0900 0.0 -2.824 -3.737 63.35 0.0217
17.608 60.26 63.1200 0.0 -2.856 -3.771 63.39 0.0230
17.707 60.26 63.1100 0.0 -2.858 -3.757 63.39 0.0227
17.808 60.25 63.0900 0.0 -2.838 -3.709 63.34 0.0213
17.906 60.25 63.1100 0.0 -2.861 -3.728 63.37 0.0221
18.008 60.24 63.1000 0.0 -2.858 -3.707 63.36 0.0216
18.107 60.24 63.0900 0.0 -2.854 -3.686 63.34 0.0211
18.207 60.23 63.1000 0.0 -2.873 -3.701 63.37 0.0217
18.307 60.23 63.1100 0.0 -2.887 -3.708 63.38 0.0220
18.407 60.22 63.1000 0.0 -2.874 -3.669 63.35 0.0210
0.109 63.10 63.0900 0.0 0.007 -0.083 63.08 -0.0004
0.210 63.09 63.1000 0.0 -0.006 -0.150 63.10 0.0002
0.309 63.09 63.1000 0.0 -0.007 -0.194 63.10 0.0001
0.409 63.09 63.0900 0.0 0.003 -0.223 63.08 -0.0004
0.508 63.09 63.0900 0.0 -0.002 -0.273 63.09 -0.0003
0.609 63.09 63.0900 0.0 -0.003 -0.316 63.08 -0.0004
0.710 63.08 63.0800 0.0 0.005 -0.343 63.07 -0.0009
0.808 63.08 63.0800 0.0 -0.002 -0.391 63.07 -0.0007
0.910 63.08 63.0900 0.0 -0.016 -0.452 63.09 -0.0002
1.008 63.07 63.0900 0.0 -0.016 -0.490 63.08 -0.0004
1.110 63.07 63.0900 0.0 -0.023 -0.537 63.09 -0.0003
1.209 63.06 63.0900 0.0 -0.027 -0.577 63.09 -0.0003
1.309 63.06 63.0800 0.0 -0.024 -0.606 63.07 -0.0007
1.409 63.05 63.0700 0.0 -0.020 -0.634 63.06 -0.0011
1.509 63.05 63.0800 0.0 -0.034 -0.687 63.07 -0.0008
1.609 63.04 63.0900 0.0 -0.045 -0.737 63.08 -0.0005
1.710 63.04 63.0800 0.0 -0.045 -0.769 63.07 -0.0008
1.809 63.03 63.0700 0.0 -0.042 -0.792 63.06 -0.0012
1.910 63.02 63.0600 0.0 -0.041 -0.819 63.04 -0.0016
2.008 63.02 63.0800 0.0 -0.064 -0.883 63.07 -0.0008
2.110 63.01 63.0800 0.0 -0.069 -0.919 63.07 -0.0009
2.209 63.00 63.0700 0.0 -0.070 -0.947 63.06 -0.0012
2.309 62.99 63.0700 0.0 -0.074 -0.978 63.05 -0.0014
2.408 62.99 63.0700 0.0 -0.080 -1.014 63.05 -0.0015
2.508 62.98 63.0700 0.0 -0.095 -1.063 63.06 -0.0011
2.609 62.97 63.0700 0.0 -0.100 -1.093 63.05 -0.0013
2.709 62.96 63.0600 0.0 -0.104 -1.121 63.05 -0.0015
2.808 62.95 63.0600 0.0 -0.107 -1.150 63.04 -0.0018
2.909 62.94 63.0700 0.0 -0.123 -1.197 63.05 -0.0014
3.008 62.93 63.0600 0.0 -0.123 -1.218 63.03 -0.0019
3.109 62.92 63.0400 0.0 -0.115 -1.224 63.00 -0.0028
3.209 62.91 63.0400 0.0 -0.130 -1.268 63.01 -0.0025
3.308 62.90 63.0600 0.0 -0.156 -1.327 63.04 -0.0017
3.409 62.89 63.0600 0.0 -0.164 -1.358 63.04 -0.0018
3.508 62.88 63.0500 0.0 -0.166 -1.380 63.02 -0.0022
3.609 62.87 63.0500 0.0 -0.176 -1.414 63.02 -0.0022
3.708 62.86 63.0500 0.0 -0.186 -1.445 63.02 -0.0023
3.808 62.85 63.0500 0.0 -0.195 -1.475 63.02 -0.0023
3.909 62.84 63.0200 0.0 -0.183 -1.471 62.98 -0.0035
4.008 62.83 63.0500 0.0 -0.217 -1.541 63.02 -0.0023
4.109 62.82 63.0400 0.0 -0.222 -1.563 63.01 -0.0026
4.209 62.81 63.0300 0.0 -0.221 -1.573 62.99 -0.0033
4.308 62.79 63.0100 0.0 -0.217 -1.582 62.96 -0.0040
4.409 62.78 63.0300 0.0 -0.247 -1.642 62.99 -0.0031
4.508 62.77 63.0200 0.0 -0.254 -1.667 62.98 -0.0033
4.608 62.76 63.0200 0.0 -0.258 -1.686 62.97 -0.0037
4.709 62.75 63.0100 0.0 -0.264 -1.705 62.96 -0.0040
4.807 62.73 63.0000 0.0 -0.268 -1.722 62.95 -0.0044
4.909 62.72 63.0200 0.0 -0.299 -1.783 62.98 -0.0035
5.007 62.71 62.9900 0.0 -0.287 -1.773 62.94 -0.0047
5.109 62.69 62.9900 0.0 -0.300 -1.804 62.94 -0.0047
5.208 62.68 63.0100 0.0 -0.332 -1.864 62.97 -0.0037
5.308 62.67 63.0000 0.0 -0.335 -1.878 62.95 -0.0042
5.409 62.65 63.0100 0.0 -0.354 -1.918 62.96 -0.0039
5.508 62.64 63.0000 0.0 -0.361 -1.936 62.95 -0.0042
5.609 62.63 62.9800 0.0 -0.351 -1.927 62.91 -0.0054
5.708 62.61 62.9900 0.0 -0.381 -1.981 62.94 -0.0046
5.808 62.60 63.0000 0.0 -0.398 -2.015 62.94 -0.0044
5.909 62.59 62.9800 0.0 -0.393 -2.014 62.91 -0.0053
6.008 62.57 62.9700 0.0 -0.397 -2.027 62.90 -0.0058
6.108 62.56 62.9700 0.0 -0.412 -2.056 62.90 -0.0058
6.209 62.54 62.9900 0.0 -0.445 -2.116 62.93 -0.0048
6.307 62.53 62.9600 0.0 -0.435 -2.105 62.89 -0.0060
6.409 62.51 62.9800 0.0 -0.463 -2.153 62.91 -0.0053
6.507 62.50 62.9600 0.0 -0.459 -2.152 62.88 -0.0062
6.608 62.48 62.9700 0.0 -0.486 -2.199 62.90 -0.0056
6.707 62.47 62.9700 0.0 -0.498 -2.222 62.90 -0.0057
6.807 62.45 62.9600 0.0 -0.510 -2.244 62.89 -0.0058
6.907 62.44 62.9600 0.0 -0.519 -2.262 62.88 -0.0061
7.007 62.42 62.9400 0.0 -0.517 -2.262 62.86 -0.0069
7.107 62.41 62.9600 0.0 -0.548 -2.314 62.88 -0.0061
7.208 62.39 62.9500 0.0 -0.560 -2.336 62.88 -0.0062
7.306 62.38 62.9300 0.0 -0.557 -2.334 62.85 -0.0071
7.408 62.36 62.9400 0.0 -0.578 -2.369 62.86 -0.0068
7.507 62.35 62.9300 0.0 -0.584 -2.382 62.84 -0.0072
7.608 62.33 62.9400 0.0 -0.610 -2.421 62.86 -0.0067
7.707 62.31 62.9300 0.0 -0.612 -2.427 62.84 -0.0074
7.807 62.30 62.9100 0.0 -0.610 -2.425 62.81 -0.0082
7.908 62.28 62.9100 0.0 -0.627 -2.451 62.81 -0.0081
8.007 62.27 62.9200 0.0 -0.649 -2.489 62.82 -0.0078
8.108 62.25 62.9000 0.0 -0.650 -2.489 62.80 -0.0085
8.208 62.23 62.9100 0.0 -0.676 -2.530 62.81 -0.0080
8.307 62.22 62.9000 0.0 -0.684 -2.543 62.80 -0.0084
8.408 62.20 62.9000 0.0 -0.694 -2.561 62.79 -0.0086
8.507 62.18 62.9000 0.0 -0.719 -2.598 62.80 -0.0082
8.608 62.17 62.9000 0.0 -0.732 -2.618 62.80 -0.0083
8.707 62.15 62.8800 0.0 -0.731 -2.616 62.77 -0.0091
8.807 62.13 62.8800 0.0 -0.743 -2.636 62.77 -0.0093
8.908 62.12 62.8900 0.0 -0.772 -2.677 62.78 -0.0087
9.007 62.10 62.8600 0.0 -0.759 -2.657 62.74 -0.0101
9.108 62.08 62.8600 0.0 -0.781 -2.689 62.75 -0.0098
9.208 62.07 62.8600 0.0 -0.795 -2.710 62.74 -0.0099
9.307 62.05 62.8700 0.0 -0.816 -2.741 62.75 -0.0097
9.408 62.03 62.8700 0.0 -0.832 -2.765 62.75 -0.0097
9.506 62.02 62.8600 0.0 -0.841 -2.773 62.74 -0.0101
9.608 62.00 62.8500 0.0 -0.849 -2.787 62.72 -0.0104
9.707 61.98 62.8600 0.0 -0.878 -2.828 62.74 -0.0098
9.807 61.96 62.8300 0.0 -0.868 -2.810 62.70 -0.0111
9.907 61.95 62.8300 0.0 -0.883 -2.831 62.70 -0.0112
10.007 61.93 62.8400 0.0 -0.911 -2.870 62.71 -0.0106
10.107 61.91 62.8400 0.0 -0.926 -2.893 62.71 -0.0107
10.208 61.89 62.8300 0.0 -0.940 -2.910 62.70 -0.0108
10.306 61.88 62.8200 0.0 -0.948 -2.920 62.69 -0.0112
10.408 61.86 62.8200 0.0 -0.960 -2.934 62.68 -0.0115
10.506 61.84 62.8000 0.0 -0.958 -2.929 62.65 -0.0124
10.607 61.82 62.8100 0.0 -0.983 -2.963 62.66 -0.0120
10.706 61.81 62.8000 0.0 -0.989 -2.968 62.65 -0.0125
10.806 61.79 62.7900 0.0 -1.001 -2.984 62.64 -0.0127
10.907 61.77 62.7800 0.0 -1.011 -2.993 62.62 -0.0130
11.006 61.75 62.8000 0.0 -1.045 -3.044 62.65 -0.0122
11.107 61.73 62.7900 0.0 -1.051 -3.050 62.63 -0.0127
11.207 61.72 62.7700 0.0 -1.049 -3.042 62.60 -0.0136
11.306 61.70 62.7600 0.0 -1.061 -3.056 62.59 -0.0138
11.407 61.68 62.7800 0.0 -1.097 -3.108 62.62 -0.0129
11.506 61.66 62.7800 0.0 -1.113 -3.128 62.62 -0.0129
11.607 61.64 62.7600 0.0 -1.117 -3.129 62.60 -0.0136
11.707 61.63 62.7400 0.0 -1.117 -3.121 62.57 -0.0144
11.805 61.61 62.7500 0.0 -1.145 -3.161 62.59 -0.0139
11.907 61.59 62.7600 0.0 -1.165 -3.189 62.59 -0.0137
12.005 61.57 62.7300 0.0 -1.159 -3.171 62.55 -0.0148
12.107 61.55 62.7300 0.0 -1.172 -3.188 62.54 -0.0150
12.206 61.54 62.7100 0.0 -1.177 -3.190 62.52 -0.0156
12.306 61.52 62.7300 0.0 -1.216 -3.245 62.56 -0.0145
12.407 61.50 62.7200 0.0 -1.218 -3.242 62.53 -0.0152
12.506 61.48 62.7300 0.0 -1.246 -3.281 62.55 -0.0147
12.607 61.46 62.7100 0.0 -1.249 -3.281 62.53 -0.0154
12.706 61.44 62.7000 0.0 -1.260 -3.291 62.51 -0.0157
12.806 61.42 62.7000 0.0 -1.277 -3.310 62.51 -0.0157
12.907 61.41 62.6900 0.0 -1.288 -3.323 62.50 -0.0160
13.006 61.39 62.6900 0.0 -1.302 -3.339 62.49 -0.0162
13.107 61.37 62.6700 0.0 -1.306 -3.339 62.47 -0.0168
13.207 61.35 62.6600 0.0 -1.314 -3.343 62.46 -0.0173
13.306 61.33 62.6800 0.0 -1.345 -3.386 62.48 -0.0165
13.407 61.31 62.6700 0.0 -1.358 -3.400 62.47 -0.0168
13.506 61.29 62.6700 0.0 -1.374 -3.419 62.47 -0.0168
13.607 61.28 62.6600 0.0 -1.384 -3.426 62.45 -0.0172
13.707 61.26 62.6600 0.0 -1.402 -3.449 62.45 -0.0171
13.806 61.24 62.6400 0.0 -1.401 -3.441 62.42 -0.0180
13.907 61.22 62.6200 0.0 -1.406 -3.441 62.40 -0.0186
14.006 61.20 62.6400 0.0 -1.443 -3.493 62.43 -0.0176
14.107 61.18 62.6400 0.0 -1.456 -3.506 62.42 -0.0178
14.207 61.16 62.6300 0.0 -1.470 -3.520 62.42 -0.0180
14.306 61.14 62.6100 0.0 -1.466 -3.507 62.38 -0.0190
14.407 61.12 62.6200 0.0 -1.493 -3.542 62.40 -0.0185
14.506 61.11 62.6000 0.0 -1.490 -3.531 62.36 -0.0195
14.607 61.09 62.6100 0.0 -1.520 -3.571 62.38 -0.0189
14.706 61.07 62.6000 0.0 -1.531 -3.581 62.37 -0.0192
14.805 61.05 62.5800 0.0 -1.529 -3.568 62.34 -0.0201
14.906 61.03 62.6000 0.0 -1.567 -3.620 62.37 -0.0191
15.004 61.01 62.5800 0.0 -1.571 -3.619 62.34 -0.0198
15.106 60.99 62.5700 0.0 -1.577 -3.621 62.32 -0.0203
15.205 60.97 62.5500 0.0 -1.581 -3.620 62.30 -0.0209
15.305 60.95 62.5600 0.0 -1.604 -3.649 62.31 -0.0206
15.405 60.93 62.5700 0.0 -1.632 -3.679 62.33 -0.0201
15.505 60.92 62.5600 0.0 -1.644 -3.642 62.32 -0.0203
15.606 60.90 62.5400 0.0 -1.641 -3.582 62.28 -0.0213
15.706 60.88 62.5400 0.0 -1.661 -3.561 62.29 -0.0211
15.804 60.86 62.5400 0.0 -1.674 -3.529 62.28 -0.0212
15.906 60.84 62.5300 0.0 -1.690 -3.503 62.28 -0.0212
16.004 60.83 62.5300 0.0 -1.699 -3.468 62.27 -0.0215
16.106 60.81 62.5200 0.0 -1.709 -3.434 62.26 -0.0217
16.206 60.79 62.5200 0.0 -1.729 -3.418 62.27 -0.0214
16.304 60.78 62.5100 0.0 -1.732 -3.376 62.25 -0.0219
16.406 60.76 62.5000 0.0 -1.742 -3.346 62.24 -0.0221
16.505 60.75 62.5100 0.0 -1.759 -3.327 62.24 -0.0219
16.606 60.73 62.4800 0.0 -1.747 -3.264 62.20 -0.0231
16.706 60.72 62.4900 0.0 -1.770 -3.260 62.22 -0.0226
16.805 60.70 62.4600 0.0 -1.758 -3.197 62.18 -0.0238
16.906 60.69 62.4700 0.0 -1.783 -3.195 62.19 -0.0231
17.005 60.68 62.4500 0.0 -1.777 -3.144 62.16 -0.0240
17.106 60.66 62.4600 0.0 -1.802 -3.146 62.19 -0.0233
17.206 60.65 62.4500 0.0 -1.797 -3.099 62.16 -0.0241
17.305 60.64 62.4400 0.0 -1.799 -3.062 62.14 -0.0246
17.406 60.62 62.4400 0.0 -1.818 -3.055 62.15 -0.0241
17.505 60.61 62.4400 0.0 -1.828 -3.035 62.15 -0.0241
17.606 60.60 62.4300 0.0 -1.835 -3.011 62.14 -0.0242
17.706 60.59 62.4100 0.0 -1.822 -2.956 62.11 -0.0254
17.805 60.58 62.4200 0.0 -1.848 -2.963 62.13 -0.0245
17.906 60.56 62.4000 0.0 -1.835 -2.909 62.09 -0.0257
18.005 60.55 62.4100 0.0 -1.856 -2.909 62.11 -0.0250
18.106 60.54 62.4100 0.0 -1.866 -2.892 62.11 -0.0250
18.206 60.53 62.4000 0.0 -1.869 -2.865 62.10 -0.0252
18.305 60.52 62.3900 0.0 -1.870 -2.837 62.08 -0.0256
18.406 60.51 62.3800 0.0 -1.873 -2.811 62.07 -0.0258
18.505 60.50 62.3700 0.0 -1.873 -2.781 62.06 -0.0262
18.606 60.49 62.3700 0.0 -1.883 -2.769 62.06 -0.0261
18.706 60.48 62.3700 0.0 -1.890 -2.752 62.06 -0.0261
18.804 60.47 62.3600 0.0 -1.892 -2.727 62.05 -0.0263
18.905 60.46 62.3600 0.0 -1.898 -2.710 62.04 -0.0263
19.004 60.45 62.3400 0.0 -1.885 -2.662 62.01 -0.0274
19.105 60.44 62.3300 0.0 -1.887 -2.638 62.00 -0.0276
19.205 60.43 62.3400 0.0 -1.903 -2.640 62.01 -0.0270
19.304 60.42 62.3300 0.0 -1.908 -2.624 62.01 -0.0271
19.405 60.42 62.3200 0.0 -1.906 -2.595 61.99 -0.0275
19.504 60.41 62.3000 0.0 -1.892 -2.549 61.96 -0.0285
19.604 60.40 62.3000 0.0 -1.905 -2.547 61.97 -0.0281
19.705 60.39 62.3000 0.0 -1.906 -2.525 61.96 -0.0283
19.803 60.38 62.3000 0.0 -1.918 -2.522 61.97 -0.0279
19.905 60.38 62.2800 0.0 -1.900 -2.471 61.93 -0.0291
20.004 60.37 62.2600 0.0 -1.895 -2.443 61.91 -0.0296
20.105 60.36 62.2800 0.0 -1.920 -2.461 61.94 -0.0286
20.205 60.35 62.2500 0.0 -1.897 -2.404 61.89 -0.0299
20.303 60.35 62.2700 0.0 -1.922 -2.425 61.92 -0.0289
20.405 60.34 62.2400 0.0 -1.898 -2.368 61.88 -0.0303
20.504 60.33 62.2500 0.0 -1.920 -2.385 61.90 -0.0294
20.605 60.33 62.2200 0.0 -1.897 -2.330 61.86 -0.0307
20.704 60.32 62.2300 0.0 -1.914 -2.339 61.87 -0.0300
20.804 60.31 62.2100 0.0 -1.899 -2.296 61.84 -0.0310
20.904 60.31 62.2000 0.0 -1.896 -2.276 61.83 -0.0312
21.004 60.30 62.2100 0.0 -1.913 -2.283 61.85 -0.0306
21.104 60.30 62.2100 0.0 -1.914 -2.269 61.84 -0.0307
21.205 60.29 62.1900 0.0 -1.898 -2.226 61.81 -0.0316
21.303 60.28 62.1900 0.0 -1.903 -2.220 61.81 -0.0315
21.405 60.28 62.1800 0.0 -1.904 -2.207 61.80 -0.0315
21.504 60.27 62.1600 0.0 -1.884 -2.158 61.76 -0.0327
21.605 60.27 62.1700 0.0 -1.903 -2.175 61.79 -0.0318
21.704 60.26 62.1600 0.0 -1.902 -2.160 61.78 -0.0320
21.804 60.26 62.1400 0.0 -1.883 -2.114 61.74 -0.0330
21.904 60.25 62.1500 0.0 -1.895 -2.120 61.76 -0.0325
22.004 60.25 62.1200 0.0 -1.878 -2.079 61.72 -0.0335
22.104 60.24 62.1300 0.0 -1.892 -2.089 61.74 -0.0329
22.205 60.24 62.1200 0.0 -1.885 -2.065 61.72 -0.0333
22.303 60.23 62.1200 0.0 -1.886 -2.054 61.72 -0.0333
22.405 60.23 62.0900 0.0 -1.863 -2.005 61.68 -0.0345
22.504 60.22 62.1100 0.0 -1.883 -2.024 61.70 -0.0336
22.605 60.22 62.1000 0.0 -1.880 -2.009 61.69 -0.0338
22.704 60.21 62.0900 0.0 -1.872 -1.986 61.68 -0.0342
22.804 60.21 62.0800 0.0 -1.872 -1.974 61.67 -0.0343
22.903 60.21 62.0500 0.0 -1.846 -1.922 61.62 -0.0356
23.004 60.20 62.0600 0.0 -1.860 -1.933 61.64 -0.0349
23.103 60.20 62.0500 0.0 -1.856 -1.918 61.63 -0.0351
23.204 60.19 62.0500 0.0 -1.858 -1.911 61.63 -0.0351
23.302 60.19 62.0400 0.0 -1.850 -1.887 61.61 -0.0355
23.404 60.19 62.0400 0.0 -1.856 -1.888 61.62 -0.0352
23.503 60.18 62.0200 0.0 -1.839 -1.852 61.59 -0.0361
23.603 60.18 62.0000 0.0 -1.826 -1.823 61.56 -0.0367
23.703 60.17 62.0100 0.0 -1.836 -1.828 61.58 -0.0362
23.803 60.17 61.9900 0.0 -1.818 -1.790 61.54 -0.0371
23.903 60.17 61.9900 0.0 -1.826 -1.796 61.55 -0.0367
24.004 60.16 61.9800 0.0 -1.812 -1.766 61.53 -0.0374
24.104 60.16 61.9800 0.0 -1.814 -1.763 61.53 -0.0372
24.203 60.16 61.9800 0.0 -1.818 -1.760 61.53 -0.0370
24.303 60.15 61.9500 0.0 -1.798 -1.721 61.50 -0.0380
24.403 60.15 61.9600 0.0 -1.806 -1.726 61.51 -0.0376
24.504 60.15 61.9500 0.0 -1.798 -1.707 61.49 -0.0379
24.604 60.15 61.9300 0.0 -1.780 -1.671 61.46 -0.0388
24.704 60.14 61.9400 0.0 -1.792 -1.684 61.48 -0.0381
24.802 60.14 61.9300 0.0 -1.790 -1.675 61.47 -0.0382
24.904 60.14 61.9100 0.0 -1.772 -1.640 61.44 -0.0390
25.003 60.13 61.9000 0.0 -1.761 -1.616 61.42 -0.0395
25.103 60.13 61.9100 0.0 -1.777 -1.635 61.44 -0.0387
25.203 60.13 61.8900 0.0 -1.764 -1.608 61.42 -0.0393
25.303 60.13 61.8900 0.0 -1.763 -1.601 61.42 -0.0393
25.404 60.12 61.8700 0.0 -1.744 -1.567 61.39 -0.0401
25.504 60.12 61.8700 0.0 -1.753 -1.576 61.40 -0.0396
25.604 60.12 61.8700 0.0 -1.754 -1.570 61.40 -0.0395
25.704 60.12 61.8600 0.0 -1.741 -1.547 61.38 -0.0400
25.803 60.11 61.8300 0.0 -1.720 -1.508 61.34 -0.0410
25.904 60.11 61.8400 0.0 -1.730 -1.519 61.36 -0.0404
26.004 60.11 61.8300 0.0 -1.721 -1.499 61.34 -0.0408
26.103 60.11 61.8200 0.0 -1.717 -1.490 61.33 -0.0409
26.204 60.11 61.8000 0.0 -1.697 -1.454 61.30 -0.0418
26.302 60.10 61.8000 0.0 -1.696 -1.446 61.30 -0.0417
26.404 60.10 61.8000 0.0 -1.702 -1.452 61.31 -0.0413
26.504 60.10 61.8000 0.0 -1.698 -1.444 61.30 -0.0414
26.604 60.10 61.7900 0.0 -1.695 -1.437 61.30 -0.0414
26.703 60.10 61.7700 0.0 -1.680 -1.409 61.27 -0.0421
26.803 60.09 61.7700 0.0 -1.680 -1.405 61.27 -0.0420
26.903 60.09 61.7700 0.0 -1.674 -1.394 61.26 -0.0421
27.003 60.09 61.7500 0.0 -1.665 -1.374 61.24 -0.0425
27.101 60.09 61.7500 0.0 -1.664 -1.369 61.24 -0.0424
27.203 60.09 61.7400 0.0 -1.655 -1.354 61.23 -0.0427
27.301 60.08 61.7300 0.0 -1.649 -1.340 61.22 -0.0429
27.403 60.08 61.7300 0.0 -1.648 -1.336 61.22 -0.0429
27.503 60.08 61.7100 0.0 -1.631 -1.306 61.19 -0.0436
27.602 60.08 61.7100 0.0 -1.628 -1.298 61.18 -0.0436
27.702 60.08 61.6800 0.0 -1.606 -1.262 61.15 -0.0445
27.802 60.08 61.6900 0.0 -1.612 -1.270 61.16 -0.0441
27.902 60.07 61.6700 0.0 -1.593 -1.237 61.13 -0.0449
28.003 60.07 61.6700 0.0 -1.601 -1.247 61.14 -0.0444
28.102 60.07 61.6600 0.0 -1.593 -1.233 61.13 -0.0446
28.202 60.07 61.6600 0.0 -1.589 -1.227 61.12 -0.0446
28.302 60.07 61.6500 0.0 -1.581 -1.211 61.11 -0.0449
28.402 60.07 61.6300 0.0 -1.565 -1.183 61.09 -0.0455
28.503 60.07 61.6100 0.0 -1.542 -1.144 61.05 -0.0465
28.601 60.06 61.6000 0.0 -1.537 -1.136 61.04 -0.0466
28.703 60.06 61.5900 0.0 -1.529 -1.123 61.03 -0.0468
28.801 60.06 61.6100 0.0 -1.544 -1.146 61.05 -0.0459
28.903 60.06 61.6000 0.0 -1.538 -1.135 61.05 -0.0460
29.002 60.06 61.5700 0.0 -1.510 -1.089 61.00 -0.0473
29.102 60.06 61.5800 0.0 -1.518 -1.101 61.02 -0.0467
29.202 60.06 61.5700 0.0 -1.510 -1.086 61.00 -0.0469
29.302 60.06 61.5600 0.0 -1.499 -1.071 60.99 -0.0473
29.403 60.06 61.5500 0.0 -1.497 -1.064 60.98 -0.0472
29.503 60.05 61.5300 0.0 -1.477 -1.032 60.95 -0.0480
29.602 60.05 61.5400 0.0 -1.490 -1.053 60.98 -0.0472
29.703 60.05 61.5200 0.0 -1.469 -1.019 60.94 -0.0481
29.801 60.05 61.5100 0.0 -1.463 -1.010 60.94 -0.0482
29.903 60.05 61.4900 0.0 -1.444 -0.979 60.91 -0.0489
30.002 60.05 61.5000 0.0 -1.448 -0.985 60.91 -0.0485
30.102 60.05 61.4800 0.0 -1.432 -0.959 60.89 -0.0492
30.202 60.05 61.4800 0.0 -1.431 -0.958 60.89 -0.0490
30.302 60.05 61.4800 0.0 -1.432 -0.959 60.89 -0.0488
30.403 60.05 61.4700 0.0 -1.427 -0.951 60.89 -0.0488
30.503 60.04 61.4600 0.0 -1.417 -0.935 60.87 -0.0491
30.602 60.04 61.4600 0.0 -1.412 -0.930 60.87 -0.0491
30.703 60.04 61.4400 0.0 -1.399 -0.909 60.85 -0.0496
30.802 60.04 61.4400 0.0 -1.397 -0.906 60.85 -0.0495
30.903 60.04 61.4100 0.0 -1.373 -0.868 60.81 -0.0505
31.003 60.04 61.4000 0.0 -1.363 -0.852 60.79 -0.0508
31.101 60.04 61.4100 0.0 -1.370 -0.863 60.81 -0.0502
31.202 60.04 61.3900 0.0 -1.351 -0.834 60.78 -0.0510
31.300 60.04 61.4000 0.0 -1.364 -0.855 60.80 -0.0501
31.402 60.04 61.3700 0.0 -1.330 -0.801 60.75 -0.0516
31.501 60.04 61.3700 0.0 -1.337 -0.813 60.76 -0.0510
31.601 60.04 61.3600 0.0 -1.328 -0.800 60.75 -0.0512
31.701 60.03 61.3700 0.0 -1.331 -0.806 60.76 -0.0509
31.801 60.03 61.3500 0.0 -1.320 -0.790 60.74 -0.0512
31.902 60.03 61.3300 0.0 -1.300 -0.757 60.71 -0.0520
32.001 60.03 61.3400 0.0 -1.308 -0.772 60.72 -0.0513
32.101 60.03 61.3300 0.0 -1.298 -0.756 60.71 -0.0517
32.202 60.03 61.3100 0.0 -1.281 -0.730 60.68 -0.0523
32.301 60.03 61.3100 0.0 -1.278 -0.727 60.68 -0.0522
32.402 60.03 61.2900 0.0 -1.258 -0.695 60.65 -0.0530
32.502 60.03 61.2800 0.0 -1.253 -0.688 60.65 -0.0530
32.601 60.03 61.2900 0.0 -1.259 -0.701 60.66 -0.0524
32.701 60.03 61.2700 0.0 -1.238 -0.668 60.63 -0.0532
32.801 60.03 61.2600 0.0 -1.234 -0.664 60.62 -0.0532
32.901 60.03 61.2500 0.0 -1.220 -0.642 60.60 -0.0537
33.002 60.03 61.2300 0.0 -1.205 -0.620 60.58 -0.0542
33.100 60.03 61.2400 0.0 -1.218 -0.642 60.60 -0.0533
33.202 60.03 61.2200 0.0 -1.190 -0.599 60.56 -0.0545
33.300 60.03 61.2100 0.0 -1.187 -0.597 60.56 -0.0543
33.402 60.02 61.2200 0.0 -1.191 -0.605 60.57 -0.0539
33.502 60.02 61.2100 0.0 -1.183 -0.593 60.56 -0.0541
33.601 60.02 61.1800 0.0 -1.156 -0.552 60.52 -0.0552
33.702 60.02 61.1900 0.0 -1.165 -0.568 60.53 -0.0545
33.800 60.02 61.1800 0.0 -1.159 -0.561 60.53 -0.0545
33.902 60.02 61.1500 0.0 -1.129 -0.514 60.48 -0.0557
34.001 60.02 61.1600 0.0 -1.139 -0.533 60.50 -0.0550
34.101 60.02 61.1600 0.0 -1.135 -0.526 60.50 -0.0550
34.201 60.02 61.1400 0.0 -1.124 -0.512 60.48 -0.0552
34.301 60.02 61.1400 0.0 -1.117 -0.502 60.47 -0.0553
34.401 60.02 61.1200 0.0 -1.105 -0.487 60.46 -0.0557
34.502 60.02 61.1100 0.0 -1.086 -0.458 60.43 -0.0564
34.601 60.02 61.1000 0.0 -1.085 -0.459 60.43 -0.0561
34.702 60.02 61.1000 0.0 -1.078 -0.449 60.42 -0.0562
34.801 60.02 61.0800 0.0 -1.059 -0.421 60.39 -0.0570
34.902 60.02 61.0700 0.0 -1.047 -0.404 60.38 -0.0572
35.002 60.02 61.0600 0.0 -1.046 -0.406 60.38 -0.0570
35.100 60.02 61.0600 0.0 -1.039 -0.397 60.37 -0.0571
35.201 60.02 61.0400 0.0 -1.024 -0.374 60.35 -0.0576
35.299 60.02 61.0400 0.0 -1.022 -0.373 60.35 -0.0575
35.401 60.02 61.0100 0.0 -0.995 -0.332 60.31 -0.0585
35.500 60.02 61.0200 0.0 -1.002 -0.347 60.32 -0.0579
35.600 60.02 61.0000 0.0 -0.984 -0.321 60.30 -0.0585
35.700 60.02 60.9900 0.0 -0.971 -0.301 60.28 -0.0589
35.800 60.02 61.0000 0.0 -0.983 -0.324 60.30 -0.0580
35.901 60.01 60.9900 0.0 -0.975 -0.313 60.29 -0.0582
36.000 60.01 60.9500 0.0 -0.939 -0.259 60.24 -0.0597
36.100 60.01 60.9500 0.0 -0.938 -0.259 60.24 -0.0594
36.201 60.01 60.9700 0.0 -0.953 -0.287 60.27 -0.0584
36.300 60.01 60.9500 0.0 -0.936 -0.263 60.24 -0.0590
36.401 60.01 60.9400 0.0 -0.924 -0.245 60.23 -0.0593
36.501 60.01 60.9300 0.0 -0.914 -0.233 60.21 -0.0595
36.600 60.01 60.9200 0.0 -0.907 -0.225 60.21 -0.0595
36.700 60.01 60.9000 0.0 -0.884 -0.190 60.17 -0.0604
36.800 60.01 60.8900 0.0 -0.873 -0.176 60.16 -0.0607
36.900 60.01 60.9000 0.0 -0.889 -0.203 60.19 -0.0596
37.001 60.01 60.8700 0.0 -0.860 -0.161 60.14 -0.0608
37.099 60.01 60.8700 0.0 -0.861 -0.164 60.15 -0.0604
37.201 60.01 60.8600 0.0 -0.853 -0.156 60.14 -0.0605
37.299 60.01 60.8400 0.0 -0.827 -0.115 60.10 -0.0615
37.401 60.01 60.8200 0.0 -0.814 -0.098 60.08 -0.0619
37.500 60.01 60.8400 0.0 -0.829 -0.126 60.11 -0.0608
37.600 60.01 60.8200 0.0 -0.814 -0.102 60.09 -0.0613
37.700 60.01 60.8200 0.0 -0.805 -0.094 60.08 -0.0615
37.800 60.01 60.8100 0.0 -0.803 -0.093 60.08 -0.0613
37.900 60.01 60.7900 0.0 -0.785 -0.066 60.05 -0.0619
38.001 60.01 60.7900 0.0 -0.783 -0.068 60.05 -0.0617
38.099 60.01 60.7900 0.0 -0.778 -0.061 60.05 -0.0616
38.201 60.01 60.7700 0.0 -0.762 -0.038 60.03 -0.0621
38.299 60.01 60.7600 0.0 -0.753 -0.027 60.01 -0.0623
38.401 60.01 60.7600 0.0 -0.747 -0.022 60.01 -0.0623
38.500 60.01 60.7300 0.1 -0.717 0.023 59.96 -0.0635
38.600 60.01 60.7300 0.1 -0.724 0.008 59.98 -0.0628
38.701 60.01 60.7100 0.2 -0.700 0.042 59.94 -0.0637
38.800 60.01 60.7200 0.1 -0.710 0.025 59.96 -0.0629
38.901 60.01 60.7200 0.1 -0.712 0.019 59.97 -0.0625
39.001 60.01 60.7000 0.3 -0.687 0.055 59.93 -0.0634
39.100 60.01 60.6800 0.5 -0.668 0.081 59.91 -0.0641
39.201 60.01 60.6900 0.4 -0.678 0.064 59.93 -0.0633
39.300 60.01 60.6300 0.8 -0.627 0.139 59.85 -0.0655
39.400 60.01 60.6600 0.6 -0.654 0.095 59.89 -0.0638
39.500 60.01 60.6500 0.6 -0.646 0.104 59.89 -0.0639
39.599 60.01 60.6400 0.7 -0.631 0.124 59.87 -0.0644
39.700 60.01 60.6000 1.0 -0.597 0.176 59.81 -0.0658
39.799 60.01 60.6100 0.9 -0.606 0.158 59.83 -0.0650
39.899 60.01 60.5900 1.1 -0.587 0.185 59.81 -0.0656
40.000 60.01 60.6000 1.1 -0.589 0.179 59.81 -0.0652
40.098 60.01 60.5800 1.2 -0.571 0.204 59.79 -0.0658
40.200 60.01 60.5800 1.1 -0.577 0.190 59.80 -0.0651
40.298 60.01 60.5600 1.4 -0.550 0.230 59.76 -0.0662
40.400 60.01 60.5500 1.4 -0.547 0.231 59.76 -0.0660
40.499 60.01 60.5600 1.2 -0.555 0.214 59.78 -0.0653
40.599 60.01 60.5400 1.4 -0.537 0.239 59.75 -0.0659
40.699 60.01 60.5300 1.5 -0.526 0.252 59.74 -0.0661
40.799 60.01 60.5100 1.7 -0.503 0.285 59.71 -0.0669
40.899 60.01 60.5200 1.6 -0.511 0.269 59.72 -0.0662
41.000 60.01 60.5100 1.6 -0.504 0.278 59.72 -0.0662
41.098 60.01 60.5000 1.6 -0.499 0.282 59.71 -0.0661
41.200 60.01 60.4700 1.9 -0.466 0.331 59.66 -0.0674
41.298 60.01 60.4700 1.9 -0.464 0.331 59.66 -0.0672
41.400 60.00 60.4700 1.9 -0.461 0.331 59.66 -0.0670
41.499 60.00 60.4600 2.0 -0.454 0.339 59.65 -0.0671
41.599 60.00 60.4300 2.3 -0.422 0.386 59.61 -0.0683
41.700 60.00 60.4400 2.1 -0.435 0.363 59.63 -0.0673
41.799 60.00 60.4300 2.2 -0.421 0.379 59.61 -0.0677
41.900 60.00 60.4100 2.4 -0.401 0.409 59.59 -0.0684
42.000 60.00 60.4100 2.3 -0.408 0.394 59.60 -0.0677
42.099 60.00 60.4000 2.4 -0.398 0.404 59.59 -0.0678
42.200 60.00 60.3900 2.5 -0.389 0.417 59.58 -0.0680
42.299 60.00 60.3800 2.5 -0.377 0.432 59.56 -0.0682
42.400 60.00 60.3600 2.8 -0.353 0.467 59.53 -0.0691
42.500 60.00 60.3500 2.9 -0.341 0.481 59.51 -0.0693
42.599 60.00 60.3500 2.8 -0.347 0.468 59.53 -0.0687
42.700 60.00 60.3400 2.8 -0.340 0.474 59.52 -0.0687
42.798 60.00 60.3300 3.0 -0.321 0.502 59.49 -0.0693
42.900 60.00 60.3100 3.1 -0.307 0.522 59.47 -0.0697
42.999 60.00 60.3000 3.1 -0.300 0.530 59.47 -0.0697
43.099 60.00 60.2900 3.2 -0.286 0.547 59.45 -0.0700
43.199 60.00 60.3000 3.2 -0.292 0.534 59.46 -0.0694
43.299 60.00 60.2300 3.8 -0.226 0.634 59.36 -0.0723
43.398 60.00 60.2600 3.4 -0.260 0.576 59.42 -0.0703
43.499 60.00 60.2400 3.6 -0.240 0.604 59.39 -0.0709
43.597 60.00 60.2500 3.5 -0.243 0.595 59.40 -0.0704
43.699 60.00 60.2500 3.5 -0.247 0.584 59.41 -0.0699
43.798 60.00 60.2600 3.4 -0.253 0.571 59.42 -0.0693
43.898 60.00 60.2200 3.8 -0.213 0.630 59.37 -0.0709
43.999 60.00 60.2100 3.8 -0.209 0.632 59.36 -0.0707
44.097 60.00 60.2100 3.7 -0.210 0.627 59.37 -0.0704
44.199 60.00 60.2000 3.8 -0.201 0.638 59.36 -0.0705
44.297 60.00 60.1800 4.0 -0.176 0.674 59.32 -0.0714
44.399 60.00 60.1800 3.9 -0.181 0.660 59.34 -0.0707
44.498 60.00 60.1700 4.0 -0.169 0.676 59.32 -0.0710
44.598 60.00 60.1700 4.0 -0.166 0.676 59.32 -0.0708
44.698 60.00 60.1400 4.3 -0.135 0.721 59.27 -0.0720
44.798 60.00 60.1400 4.2 -0.138 0.712 59.28 -0.0715
44.898 60.00 60.1300 4.3 -0.132 0.718 59.28 -0.0714
44.999 60.00 60.1200 4.4 -0.119 0.735 59.26 -0.0717
45.097 60.00 60.1200 4.4 -0.117 0.736 59.26 -0.0715
45.199 60.00 60.0700 4.8 -0.068 0.809 59.19 -0.0735
45.298 60.00 60.0900 4.6 -0.090 0.771 59.23 -0.0721
45.399 60.00 60.0900 4.6 -0.088 0.768 59.23 -0.0719
45.499 60.00 60.0700 4.8 -0.069 0.795 59.20 -0.0724
45.598 60.00 60.0600 4.8 -0.061 0.804 59.19 -0.0725
45.699 60.00 60.0500 4.9 -0.047 0.822 59.18 -0.0728
45.798 60.00 60.0400 5.0 -0.034 0.838 59.16 -0.0731
45.899 60.00 60.0100 5.2 -0.013 0.868 59.13 -0.0738
45.998 60.00 60.0100 5.2 -0.012 0.865 59.13 -0.0735
46.098 60.00 60.0100 5.2 -0.011 0.863 59.13 -0.0732
46.198 60.00 60.0000 5.3 0.004 0.882 59.12 -0.0735
46.298 60.00 59.9900 5.3 0.011 0.889 59.11 -0.0735
46.398 60.00 59.9800 5.4 0.024 0.904 59.09 -0.0738
46.499 60.00 59.9600 5.6 0.042 0.931 59.07 -0.0743
46.597 60.00 59.9500 5.7 0.052 0.941 59.06 -0.0745
46.699 60.00 59.9400 5.7 0.062 0.954 59.04 -0.0746
46.798 60.00 59.9400 5.7 0.061 0.947 59.05 -0.0742
46.899 60.00 59.9300 5.8 0.070 0.958 59.04 -0.0742
46.999 60.00 59.9200 5.8 0.082 0.972 59.03 -0.0745
47.098 60.00 59.9100 5.9 0.090 0.982 59.02 -0.0745
47.199 60.00 59.9100 5.9 0.092 0.979 59.02 -0.0743
47.297 60.00 59.8900 6.1 0.113 1.009 58.99 -0.0749
47.399 60.00 59.8800 6.1 0.120 1.015 58.98 -0.0749
47.498 60.00 59.8700 6.2 0.128 1.024 58.97 -0.0749
47.597 60.00 59.8700 6.2 0.135 1.030 58.97 -0.0749
47.698 60.00 59.8600 6.3 0.146 1.045 58.95 -0.0751
47.796 60.00 59.8300 6.5 0.168 1.075 58.92 -0.0758
47.898 60.00 59.8200 6.6 0.184 1.094 58.90 -0.0762
47.997 60.00 59.8300 6.5 0.174 1.076 58.92 -0.0754
48.097 60.00 59.8200 6.5 0.177 1.073 58.92 -0.0751
48.198 60.00 59.7900 6.8 0.208 1.120 58.88 -0.0763
48.297 60.00 59.8100 6.6 0.196 1.095 58.90 -0.0753
48.398 60.00 59.8000 6.7 0.201 1.100 58.90 -0.0752
48.498 60.00 59.7700 6.9 0.227 1.138 58.86 -0.0761
48.597 60.00 59.7700 6.9 0.236 1.147 58.85 -0.0762
48.698 60.00 59.7600 7.0 0.242 1.154 58.85 -0.0761
48.797 60.00 59.7500 7.0 0.249 1.159 58.84 -0.0761
48.897 60.00 59.7400 7.1 0.258 1.169 58.83 -0.0762
48.998 60.00 59.7300 7.2 0.268 1.181 58.82 -0.0763
49.096 60.00 59.7300 7.2 0.275 1.189 58.81 -0.0763
49.198 60.00 59.7100 7.3 0.289 1.205 58.79 -0.0766
49.296 60.00 59.6900 7.5 0.312 1.237 58.76 -0.0773
49.398 60.00 59.6600 7.8 0.338 1.275 58.72 -0.0783
49.497 60.00 59.6700 7.6 0.328 1.255 58.74 -0.0774
49.597 60.00 59.6600 7.7 0.341 1.270 58.73 -0.0776
49.697 60.00 59.6700 7.6 0.336 1.257 58.74 -0.0770
49.797 60.00 59.6700 7.6 0.333 1.248 58.75 -0.0765
49.897 60.00 59.6600 7.7 0.346 1.263 58.73 -0.0767
49.998 60.00 59.6400 7.8 0.356 1.276 58.72 -0.0768
50.096 60.00 59.6300 7.8 0.368 1.290 58.71 -0.0771
50.198 60.00 59.6000 8.1 0.397 1.335 58.67 -0.0781
50.297 60.00 59.6200 7.9 0.378 1.297 58.70 -0.0768
50.398 60.00 59.5800 8.3 0.418 1.357 58.64 -0.0784
50.498 60.00 59.6000 8.1 0.400 1.323 58.68 -0.0771
50.597 60.00 59.5800 8.3 0.422 1.356 58.64 -0.0778
50.698 60.00 59.5600 8.4 0.437 1.373 58.63 -0.0782
50.796 60.00 59.5700 8.3 0.433 1.361 58.64 -0.0776
50.898 60.00 59.5500 8.4 0.449 1.384 58.61 -0.0780
50.997 60.00 59.5400 8.6 0.463 1.402 58.60 -0.0783
51.097 60.00 59.5600 8.3 0.436 1.353 58.65 -0.0766
51.198 60.00 59.5300 8.6 0.475 1.411 58.59 -0.0782
51.297 60.00 59.5100 8.8 0.492 1.433 58.57 -0.0786
51.398 60.00 59.5300 8.6 0.474 1.402 58.60 -0.0773
51.499 60.00 59.5000 8.8 0.504 1.444 58.56 -0.0784
51.597 60.00 59.5000 8.8 0.500 1.434 58.57 -0.0778
51.697 60.00 59.4800 9.0 0.524 1.467 58.53 -0.0786
51.795 60.00 59.4700 9.0 0.526 1.466 58.53 -0.0783
51.897 60.00 59.4000 9.7 0.600 1.580 58.42 -0.0817
51.996 60.00 59.4700 9.0 0.534 1.470 58.53 -0.0780
52.096 60.00 59.4700 9.0 0.535 1.467 58.53 -0.0776
52.196 60.00 59.4500 9.1 0.548 1.482 58.52 -0.0779
52.296 60.00 59.4300 9.3 0.569 1.512 58.49 -0.0785
52.396 60.00 59.4300 9.2 0.568 1.506 58.49 -0.0781
52.497 60.00 59.4300 9.3 0.573 1.509 58.49 -0.0780
52.595 60.00 59.4100 9.4 0.592 1.534 58.47 -0.0785
52.697 60.00 59.4200 9.3 0.586 1.519 58.48 -0.0778
52.795 60.00 59.4100 9.4 0.594 1.529 58.47 -0.0779
52.897 60.00 59.3900 9.5 0.607 1.545 58.46 -0.0781
52.996 60.00 59.3800 9.6 0.616 1.554 58.45 -0.0782
53.096 60.00 59.3600 9.7 0.637 1.583 58.42 -0.0788
53.197 60.00 59.3500 9.8 0.649 1.598 58.40 -0.0790
53.296 60.00 59.3700 9.7 0.634 1.568 58.43 -0.0778
53.396 60.00 59.3400 9.9 0.659 1.604 58.40 -0.0787
53.497 60.00 59.3300 10.0 0.674 1.624 58.38 -0.0791
53.596 60.00 59.3400 9.8 0.659 1.594 58.41 -0.0779
53.697 60.00 59.3300 9.9 0.668 1.604 58.40 -0.0780
53.796 60.00 59.3300 9.9 0.675 1.611 58.39 -0.0780
53.897 60.00 59.3100 10.1 0.694 1.636 58.37 -0.0785
53.997 60.00 59.3100 10.1 0.694 1.631 58.37 -0.0781
54.095 60.00 59.3000 10.1 0.699 1.634 58.37 -0.0780
54.197 60.00 59.2800 10.3 0.719 1.662 58.34 -0.0786
54.295 60.00 59.2800 10.2 0.718 1.656 58.34 -0.0782
54.397 60.00 59.2600 10.4 0.740 1.687 58.31 -0.0789
54.496 60.00 59.2800 10.2 0.721 1.652 58.35 -0.0775
54.596 60.00 59.2600 10.3 0.736 1.671 58.33 -0.0779
54.696 60.00 59.2100 10.8 0.787 1.747 58.25 -0.0800
54.796 60.00 59.2400 10.5 0.760 1.699 58.30 -0.0783
54.896 60.00 59.2300 10.6 0.766 1.705 58.30 -0.0782
54.997 60.00 59.2400 10.5 0.765 1.698 58.30 -0.0778
55.095 60.00 59.2000 10.9 0.804 1.756 58.24 -0.0793
55.197 60.00 59.2100 10.7 0.787 1.724 58.28 -0.0781
55.295 60.00 59.2000 10.8 0.802 1.743 58.26 -0.0784
55.397 60.00 59.1800 11.0 0.820 1.767 58.23 -0.0789
55.497 60.00 59.2000 10.8 0.805 1.739 58.26 -0.0778
55.595 60.00 59.1700 11.0 0.826 1.768 58.23 -0.0785
55.696 60.00 59.1800 10.9 0.821 1.754 58.25 -0.0778
55.795 60.00 59.1600 11.1 0.841 1.782 58.22 -0.0784
55.896 60.00 59.1700 10.9 0.830 1.761 58.24 -0.0775
55.996 60.00 59.1400 11.2 0.860 1.803 58.20 -0.0786
56.095 60.00 59.1600 11.0 0.840 1.766 58.23 -0.0772
56.196 60.00 59.1500 11.0 0.847 1.773 58.23 -0.0772
56.295 60.00 59.1500 11.1 0.854 1.780 58.22 -0.0771
56.396 60.00 59.1500 11.1 0.854 1.774 58.23 -0.0767
56.495 60.00 59.1400 11.1 0.863 1.784 58.22 -0.0768
56.595 60.00 59.1300 11.2 0.871 1.793 58.21 -0.0768
56.695 60.00 59.1200 11.2 0.877 1.798 58.20 -0.0768
56.795 60.00 59.1100 11.3 0.891 1.815 58.19 -0.0770
56.895 60.00 59.1100 11.3 0.895 1.817 58.18 -0.0769
56.996 60.00 59.1000 11.3 0.897 1.816 58.18 -0.0766
57.094 60.00 59.0800 11.6 0.922 1.851 58.15 -0.0775
57.196 60.00 59.0900 11.4 0.911 1.829 58.17 -0.0765
57.295 60.00 59.0900 11.4 0.915 1.831 58.17 -0.0763
57.396 60.00 59.0800 11.4 0.916 1.828 58.17 -0.0760
57.495 60.00 59.0800 11.4 0.917 1.826 58.17 -0.0757
57.595 60.00 59.1000 11.2 0.900 1.794 58.21 -0.0745
57.695 60.00 59.0500 11.7 0.949 1.868 58.13 -0.0766
57.795 60.00 59.0600 11.6 0.938 1.845 58.16 -0.0756
57.895 60.00 59.0500 11.7 0.949 1.858 58.14 -0.0758
57.996 60.00 59.0200 11.9 0.980 1.902 58.10 -0.0769
58.095 60.00 59.0300 11.8 0.968 1.880 58.12 -0.0760
58.196 60.00 59.0400 11.7 0.961 1.864 58.14 -0.0752
58.295 60.00 59.0400 11.7 0.962 1.861 58.14 -0.0749
58.396 60.00 59.0200 11.9 0.986 1.894 58.11 -0.0757
58.496 60.00 59.0300 11.7 0.968 1.861 58.14 -0.0744
58.595 60.00 59.0200 11.8 0.979 1.874 58.13 -0.0746
58.696 60.00 59.0000 11.9 0.996 1.898 58.10 -0.0751
58.795 60.00 59.0300 11.7 0.971 1.852 58.15 -0.0735
58.896 60.00 58.9900 12.1 1.013 1.916 58.09 -0.0752
58.995 60.00 59.0000 11.9 0.999 1.889 58.11 -0.0741
59.095 60.00 58.9800 12.1 1.019 1.917 58.08 -0.0748
59.195 60.00 59.0000 11.9 1.002 1.884 58.12 -0.0735
59.295 60.00 58.9900 12.0 1.015 1.901 58.10 -0.0738
59.396 60.00 58.9700 12.1 1.033 1.925 58.08 -0.0743
59.495 60.00 58.9800 12.0 1.020 1.900 58.10 -0.0733
59.595 60.00 58.9800 12.0 1.023 1.900 58.10 -0.0731
59.695 60.00 58.9600 12.2 1.046 1.932 58.07 -0.0739
59.795 60.00 58.9700 12.0 1.030 1.903 58.10 -0.0727
59.896 60.00 58.9100 12.6 1.093 1.999 58.00 -0.0755
59.996 60.00 58.9700 12.0 1.030 1.895 58.11 -0.0720
60.096 60.00 58.9500 12.1 1.047 1.917 58.08 -0.0725
60.196 60.00 58.9300 12.3 1.069 1.947 58.05 -0.0732
60.296 60.00 58.9500 12.2 1.055 1.920 58.08 -0.0721
60.397 60.00 58.9400 12.2 1.064 1.932 58.07 -0.0723
60.497 60.00 58.9400 12.1 1.056 1.914 58.09 -0.0715
60.596 60.00 58.9300 12.2 1.068 1.928 58.07 -0.0717
60.697 60.00 58.9400 12.1 1.057 1.906 58.09 -0.0708
60.795 60.00 58.9200 12.3 1.083 1.944 58.06 -0.0717
60.897 60.00 58.9300 12.2 1.074 1.925 58.08 -0.0709
60.996 60.00 58.9300 12.2 1.071 1.916 58.08 -0.0704
61.096 60.00 58.9300 12.2 1.074 1.918 58.08 -0.0703
61.196 60.00 58.9200 12.2 1.077 1.918 58.08 -0.0701
61.296 60.00 58.9000 12.4 1.097 1.946 58.05 -0.0707
61.396 60.00 58.9000 12.4 1.101 1.948 58.05 -0.0705
61.497 60.00 58.9100 12.2 1.086 1.919 58.08 -0.0694
61.595 60.00 58.9000 12.4 1.102 1.941 58.06 -0.0699
61.697 60.00 58.9000 12.4 1.106 1.942 58.06 -0.0697
61.796 60.00 58.8900 12.4 1.108 1.941 58.06 -0.0695
61.897 60.00 58.9100 12.2 1.093 1.914 58.09 -0.0684
61.997 60.00 58.9000 12.2 1.096 1.914 58.09 -0.0682
62.096 60.00 58.9100 12.2 1.095 1.909 58.09 -0.0678
62.197 60.00 58.8700 12.6 1.134 1.966 58.03 -0.0694
62.296 60.00 58.8800 12.4 1.117 1.936 58.06 -0.0682
62.397 60.00 58.8900 12.3 1.110 1.920 58.08 -0.0675
62.497 60.00 58.9000 12.2 1.105 1.908 58.09 -0.0669
62.596 60.00 58.8900 12.2 1.109 1.911 58.09 -0.0668
62.696 60.00 58.8900 12.2 1.111 1.910 58.09 -0.0666
62.796 60.00 58.9000 12.2 1.105 1.896 58.10 -0.0659
62.896 60.00 58.8800 12.3 1.119 1.914 58.09 -0.0663
62.997 60.00 58.8800 12.2 1.117 1.907 58.09 -0.0659
63.095 60.00 58.8900 12.2 1.112 1.895 58.11 -0.0653
63.197 60.00 58.8900 12.1 1.109 1.886 58.11 -0.0648
63.296 60.00 58.8800 12.2 1.120 1.901 58.10 -0.0651
63.396 60.00 58.8600 12.4 1.138 1.925 58.08 -0.0656
63.497 60.00 58.8600 12.4 1.141 1.927 58.07 -0.0655
63.595 60.00 58.8700 12.2 1.126 1.898 58.10 -0.0644
63.697 60.00 58.8800 12.2 1.123 1.890 58.11 -0.0639
63.795 60.00 58.8800 12.2 1.122 1.884 58.12 -0.0635
63.897 60.00 58.8500 12.5 1.155 1.934 58.07 -0.0649
63.996 60.00 58.8700 12.2 1.130 1.889 58.11 -0.0633
64.096 60.00 58.8600 12.3 1.141 1.904 58.10 -0.0635
64.197 60.00 58.8700 12.2 1.129 1.880 58.12 -0.0626
64.296 60.00 58.8500 12.3 1.148 1.907 58.09 -0.0633
64.397 60.00 58.8700 12.1 1.126 1.868 58.13 -0.0618
64.497 60.00 58.8600 12.2 1.139 1.884 58.12 -0.0621
64.596 60.00 58.8800 12.0 1.123 1.855 58.15 -0.0610
64.697 60.00 58.8700 12.0 1.126 1.857 58.14 -0.0609
64.796 60.00 58.8700 12.0 1.126 1.853 58.15 -0.0606
64.896 60.00 58.8700 12.1 1.134 1.862 58.14 -0.0607
64.997 60.00 58.8800 12.0 1.123 1.842 58.16 -0.0599
65.095 60.00 58.8800 11.9 1.118 1.829 58.17 -0.0593
65.197 60.00 58.8600 12.1 1.138 1.858 58.14 -0.0600
65.295 60.00 58.8600 12.1 1.139 1.856 58.14 -0.0598
65.397 60.00 58.8700 12.0 1.131 1.840 58.16 -0.0591
65.496 60.00 58.8700 12.0 1.133 1.839 58.16 -0.0588
65.596 60.00 58.8900 11.7 1.109 1.797 58.20 -0.0574
65.696 60.00 58.8900 11.7 1.109 1.794 58.21 -0.0571
65.796 60.00 58.8800 11.8 1.118 1.805 58.20 -0.0572
65.896 60.00 58.8700 11.9 1.126 1.814 58.19 -0.0574
65.997 60.00 58.8600 12.0 1.139 1.831 58.17 -0.0577
66.096 60.00 58.8900 11.7 1.115 1.790 58.21 -0.0562
66.197 60.00 58.8800 11.7 1.120 1.793 58.21 -0.0562
66.296 60.00 58.8800 11.8 1.125 1.799 58.20 -0.0562
66.398 60.00 58.8800 11.7 1.121 1.790 58.21 -0.0557
66.498 60.00 58.8800 11.7 1.121 1.785 58.22 -0.0554
66.597 60.00 58.8700 11.8 1.126 1.791 58.21 -0.0554
66.698 60.00 58.8900 11.6 1.113 1.767 58.23 -0.0545
66.797 60.00 58.8800 11.6 1.117 1.770 58.23 -0.0544
66.898 60.00 58.8900 11.6 1.110 1.755 58.25 -0.0538
66.998 60.00 58.8900 11.5 1.109 1.750 58.25 -0.0534
67.097 60.00 58.8900 11.5 1.111 1.749 58.25 -0.0532
67.198 60.00 58.8900 11.5 1.109 1.744 58.26 -0.0529
67.296 60.00 58.9000 11.4 1.105 1.734 58.27 -0.0524
67.398 60.00 58.8900 11.4 1.106 1.733 58.27 -0.0522
67.497 60.00 58.9100 11.3 1.093 1.708 58.29 -0.0513
67.597 60.00 58.9000 11.4 1.101 1.719 58.28 -0.0515
67.697 60.00 58.9100 11.2 1.088 1.694 58.31 -0.0505
67.797 60.00 58.9100 11.3 1.094 1.701 58.30 -0.0506
67.897 60.00 58.9100 11.2 1.090 1.692 58.31 -0.0502
67.998 60.00 58.9000 11.3 1.102 1.708 58.29 -0.0505
68.096 60.00 58.8900 11.4 1.107 1.714 58.29 -0.0505
68.198 60.00 58.9200 11.1 1.078 1.664 58.34 -0.0488
68.296 60.00 58.9200 11.1 1.082 1.667 58.33 -0.0488
68.398 60.00 58.9200 11.1 1.079 1.660 58.34 -0.0484
68.498 60.00 58.9200 11.0 1.076 1.651 58.35 -0.0479
68.597 60.00 58.9200 11.0 1.076 1.649 58.35 -0.0477
68.698 60.00 58.9300 11.0 1.073 1.641 58.36 -0.0473
68.797 60.00 58.9300 10.9 1.071 1.635 58.37 -0.0470
68.898 60.00 58.9200 11.0 1.083 1.652 58.35 -0.0474
68.997 60.00 58.8800 11.4 1.122 1.711 58.29 -0.0491
69.097 60.00 58.9200 11.0 1.078 1.638 58.36 -0.0466
69.197 60.00 58.9400 10.8 1.060 1.607 58.39 -0.0455
69.297 60.00 58.9400 10.7 1.057 1.599 58.40 -0.0451
69.397 60.00 58.9500 10.6 1.047 1.580 58.42 -0.0444
69.498 60.00 58.9700 10.5 1.033 1.554 58.45 -0.0434
69.596 60.00 58.9600 10.5 1.036 1.557 58.44 -0.0434
69.698 60.00 58.9700 10.5 1.034 1.551 58.45 -0.0431
69.796 60.00 58.9400 10.7 1.058 1.587 58.41 -0.0441
69.898 60.00 58.9500 10.6 1.047 1.566 58.43 -0.0433
69.998 60.00 58.9800 10.3 1.020 1.520 58.48 -0.0417
70.097 60.00 58.9600 10.5 1.040 1.550 58.45 -0.0425
70.198 60.00 59.0300 9.8 0.973 1.440 58.56 -0.0389
70.297 60.00 58.9900 10.2 1.009 1.495 58.51 -0.0405
70.398 60.00 58.9700 10.3 1.029 1.526 58.47 -0.0414
70.497 60.00 59.0000 10.1 1.001 1.479 58.52 -0.0398
70.597 60.00 58.9900 10.2 1.016 1.499 58.50 -0.0403
70.697 60.00 59.0500 9.6 0.956 1.401 58.60 -0.0371
70.797 60.00 58.9900 10.2 1.014 1.492 58.51 -0.0398
70.897 60.00 59.0000 10.0 1.003 1.473 58.53 -0.0391
70.998 60.00 59.0200 9.8 0.982 1.436 58.56 -0.0378
71.097 60.00 59.0200 9.8 0.983 1.435 58.57 -0.0377
71.197 60.00 59.0300 9.7 0.973 1.417 58.58 -0.0370
71.297 60.00 59.0200 9.7 0.976 1.420 58.58 -0.0370
71.397 60.00 59.0200 9.8 0.984 1.430 58.57 -0.0372
71.498 60.00 59.0400 9.6 0.965 1.397 58.60 -0.0360
71.596 60.00 59.0500 9.5 0.953 1.376 58.62 -0.0353
71.698 60.00 59.0400 9.5 0.960 1.385 58.62 -0.0354
71.797 60.00 59.0800 9.1 0.917 1.315 58.69 -0.0331
71.898 60.00 59.0600 9.3 0.937 1.344 58.66 -0.0339
71.998 60.00 59.0400 9.5 0.957 1.374 58.63 -0.0348
72.097 60.00 59.0600 9.3 0.943 1.350 58.65 -0.0339
72.198 60.00 59.0500 9.4 0.950 1.359 58.64 -0.0341
72.297 60.00 59.0800 9.1 0.924 1.315 58.69 -0.0326
72.398 60.00 59.0900 9.0 0.915 1.298 58.70 -0.0320
72.498 60.00 59.0800 9.1 0.917 1.299 58.70 -0.0319
72.598 60.00 59.1000 8.9 0.903 1.276 58.72 -0.0311
72.698 60.00 59.1000 8.9 0.902 1.272 58.73 -0.0309
72.798 60.00 59.1000 8.8 0.897 1.262 58.74 -0.0304
72.898 60.00 59.1100 8.8 0.895 1.258 58.74 -0.0302
72.999 60.00 59.1100 8.7 0.888 1.245 58.76 -0.0297
73.097 60.00 59.1000 8.8 0.897 1.257 58.74 -0.0300
73.199 60.00 59.1100 8.8 0.892 1.247 58.75 -0.0296
73.297 60.00 59.1100 8.7 0.889 1.241 58.76 -0.0293
73.399 60.00 59.1900 8.0 0.811 1.115 58.89 -0.0253
73.499 60.00 59.1400 8.4 0.860 1.191 58.81 -0.0276
73.598 60.00 59.1500 8.4 0.854 1.180 58.82 -0.0272
73.699 60.00 59.1500 8.3 0.849 1.170 58.83 -0.0268
73.798 60.00 59.1600 8.2 0.837 1.150 58.85 -0.0260
73.899 60.00 59.1700 8.1 0.831 1.138 58.86 -0.0256
73.999 60.00 59.1800 8.0 0.821 1.121 58.88 -0.0250
74.098 60.00 59.1600 8.2 0.842 1.153 58.85 -0.0259
74.198 60.00 59.1800 8.0 0.816 1.109 58.89 -0.0245
74.298 60.00 59.1800 8.1 0.825 1.123 58.88 -0.0248
74.398 60.00 59.1900 7.9 0.807 1.093 58.91 -0.0238
74.499 60.00 59.2200 7.6 0.779 1.046 58.96 -0.0222
74.597 60.00 59.2000 7.8 0.797 1.073 58.93 -0.0230
74.699 60.00 59.2200 7.5 0.777 1.039 58.96 -0.0219
74.797 60.00 59.2300 7.5 0.771 1.029 58.97 -0.0215
74.899 60.00 59.2200 7.6 0.780 1.043 58.96 -0.0219
74.998 60.00 59.2400 7.4 0.758 1.005 59.00 -0.0206
75.098 60.00 59.2500 7.2 0.746 0.986 59.01 -0.0200
75.199 60.00 59.2600 7.2 0.739 0.973 59.03 -0.0195
75.298 60.00 59.2700 7.1 0.734 0.964 59.04 -0.0192
75.399 60.00 59.2600 7.2 0.745 0.980 59.02 -0.0196
75.499 60.00 59.2800 7.0 0.722 0.943 59.06 -0.0184
75.598 60.00 59.3100 6.7 0.695 0.898 59.10 -0.0169
75.699 60.00 59.2900 6.9 0.715 0.929 59.07 -0.0178
75.797 60.00 59.2900 6.8 0.708 0.917 59.08 -0.0174
75.899 60.00 59.2900 6.8 0.706 0.912 59.09 -0.0172
75.999 60.00 59.3200 6.5 0.678 0.867 59.13 -0.0157
76.098 60.00 59.3200 6.5 0.678 0.866 59.13 -0.0157
76.198 60.00 59.3300 6.4 0.666 0.845 59.16 -0.0150
76.298 60.00 59.3400 6.3 0.658 0.831 59.17 -0.0145
76.398 60.00 59.3400 6.3 0.657 0.829 59.17 -0.0144
76.499 60.00 59.3500 6.3 0.654 0.823 59.18 -0.0141
76.597 60.00 59.3600 6.1 0.637 0.796 59.20 -0.0132
76.699 60.00 59.3700 6.1 0.634 0.790 59.21 -0.0130
76.797 60.00 59.3600 6.2 0.644 0.805 59.20 -0.0134
76.899 60.00 59.3900 5.9 0.614 0.756 59.24 -0.0119
76.999 60.00 59.3900 5.9 0.613 0.754 59.25 -0.0118
77.098 60.00 59.3900 5.8 0.607 0.745 59.26 -0.0114
77.199 60.00 59.3900 5.8 0.607 0.744 59.26 -0.0114
77.298 60.00 59.4100 5.6 0.587 0.710 59.29 -0.0103
77.399 60.00 59.4200 5.6 0.582 0.701 59.30 -0.0100
77.498 60.00 59.4200 5.5 0.579 0.696 59.30 -0.0098
77.598 60.00 59.4300 5.5 0.572 0.685 59.32 -0.0094
77.698 60.00 59.4500 5.3 0.555 0.657 59.34 -0.0085
77.798 60.00 59.4500 5.2 0.548 0.646 59.36 -0.0081
77.898 60.00 59.4600 5.2 0.544 0.638 59.36 -0.0079
77.999 60.00 59.4300 5.4 0.567 0.675 59.33 -0.0090
78.097 60.00 59.4600 5.2 0.539 0.630 59.37 -0.0075
78.199 60.00 59.4800 5.0 0.523 0.603 59.40 -0.0067
78.297 60.00 59.4900 4.9 0.511 0.584 59.42 -0.0061
78.399 60.00 59.5000 4.8 0.504 0.573 59.43 -0.0057
78.499 60.00 59.5100 4.7 0.495 0.558 59.44 -0.0052
78.599 60.00 59.5200 4.6 0.486 0.542 59.46 -0.0047
78.700 60.00 59.5300 4.5 0.471 0.518 59.48 -0.0040
78.799 60.00 59.5400 4.4 0.464 0.506 59.49 -0.0036
78.900 60.00 59.5300 4.5 0.475 0.525 59.48 -0.0041
79.000 60.00 59.5400 4.4 0.461 0.502 59.50 -0.0034
79.099 60.00 59.5300 4.4 0.466 0.510 59.49 -0.0036
79.200 60.00 59.5500 4.3 0.453 0.488 59.51 -0.0029
79.298 60.00 59.5700 4.1 0.435 0.459 59.54 -0.0020
79.400 60.00 59.5700 4.1 0.428 0.448 59.55 -0.0017
79.499 60.00 59.6000 3.8 0.403 0.408 59.59 -0.0004
79.599 60.00 59.5900 3.9 0.413 0.424 59.58 -0.0009
79.699 60.00 59.6000 3.8 0.401 0.405 59.60 -0.0003
79.799 60.00 59.6100 3.7 0.390 0.388 59.61 0.0002
79.899 60.00 59.6100 3.7 0.394 0.393 59.61 0.0000
80.000 60.00 59.6200 3.6 0.377 0.366 59.63 0.0009
80.098 60.00 59.6400 3.5 0.366 0.348 59.65 0.0015
80.200 60.00 59.6500 3.3 0.353 0.328 59.67 0.0021
80.299 60.00 59.6300 3.5 0.367 0.351 59.65 0.0013
80.400 60.00 59.6500 3.3 0.350 0.324 59.68 0.0022
80.500 60.00 59.6600 3.2 0.336 0.301 59.70 0.0029
80.599 60.00 59.6700 3.2 0.334 0.298 59.70 0.0030
80.700 60.00 59.6800 3.1 0.325 0.285 59.72 0.0034
80.798 60.00 59.6900 3.0 0.315 0.269 59.73 0.0039
80.900 60.00 59.6800 3.0 0.322 0.280 59.72 0.0035
80.999 60.00 59.7000 2.9 0.305 0.252 59.75 0.0044
81.099 60.00 59.6900 3.0 0.314 0.267 59.73 0.0039
81.199 60.00 59.7000 2.8 0.300 0.245 59.76 0.0046
81.299 60.00 59.7000 2.8 0.298 0.242 59.76 0.0047
81.399 60.00 59.7100 2.8 0.292 0.232 59.77 0.0049
81.500 60.00 59.7300 2.6 0.274 0.205 59.80 0.0058
81.598 60.00 59.7300 2.6 0.274 0.205 59.80 0.0057
81.700 60.00 59.7500 2.4 0.255 0.174 59.83 0.0067
81.799 60.00 59.7500 2.4 0.254 0.173 59.83 0.0067
81.900 60.00 59.7600 2.3 0.240 0.152 59.85 0.0074
82.000 60.00 59.7700 2.2 0.233 0.140 59.86 0.0077
82.099 60.00 59.7700 2.1 0.227 0.131 59.87 0.0080
82.200 60.00 59.7900 2.0 0.216 0.114 59.89 0.0085
82.298 60.00 59.8000 1.9 0.203 0.095 59.91 0.0091
82.400 60.00 59.8000 1.9 0.199 0.088 59.91 0.0092
82.499 60.00 59.8100 1.9 0.195 0.083 59.92 0.0094
82.599 60.00 59.8000 2.0 0.205 0.099 59.90 0.0088
82.699 60.00 59.8300 1.6 0.174 0.049 59.95 0.0104
82.799 60.00 59.8400 1.6 0.164 0.034 59.97 0.0108
82.900 60.00 59.8300 1.6 0.172 0.048 59.95 0.0103
82.999 60.00 59.8500 1.4 0.150 0.013 59.99 0.0114
83.099 60.00 59.8500 1.4 0.147 0.010 59.99 0.0115
83.200 60.00 59.8500 1.5 0.155 0.023 59.98 0.0110
83.299 60.00 59.9100 0.8 0.089 -0.082 60.08 0.0142
83.399 60.00 59.8800 1.1 0.119 -0.033 60.03 0.0127
83.500 60.00 59.8800 1.1 0.116 -0.037 60.04 0.0128
83.599 60.00 59.8900 1.1 0.109 -0.048 60.05 0.0131
83.700 60.00 59.9000 1.0 0.098 -0.064 60.06 0.0135
83.799 60.00 59.9100 0.9 0.095 -0.069 60.07 0.0136
83.900 60.00 59.9200 0.8 0.085 -0.084 60.08 0.0141
84.000 60.00 59.9300 0.7 0.074 -0.100 60.10 0.0145
84.099 60.00 59.9500 0.5 0.053 -0.133 60.13 0.0155
84.200 60.00 59.9400 0.6 0.060 -0.121 60.12 0.0151
84.299 60.00 59.9300 0.7 0.067 -0.110 60.11 0.0147
84.400 60.00 59.9500 0.5 0.048 -0.139 60.14 0.0156
84.500 60.00 59.9600 0.5 0.043 -0.145 60.15 0.0157
84.600 60.00 59.9600 0.5 0.041 -0.148 60.15 0.0157
84.700 60.00 59.9700 0.3 0.026 -0.171 60.17 0.0164
84.800 60.00 59.9500 0.5 0.048 -0.135 60.14 0.0152
84.900 60.00 59.9900 0.2 0.012 -0.191 60.19 0.0169
85.001 60.00 59.9900 0.2 0.013 -0.188 60.19 0.0168
85.099 60.00 59.9900 0.1 0.007 -0.197 60.20 0.0170
85.201 60.00 60.0100 0.0 -0.011 -0.225 60.23 0.0178
85.299 60.00 60.0000 0.1 0.004 -0.199 60.20 0.0170
85.401 60.00 60.0100 0.0 -0.005 -0.214 60.21 0.0174
85.501 60.00 60.0300 0.0 -0.027 -0.247 60.25 0.0184
85.600 60.00 60.0400 0.0 -0.036 -0.261 60.26 0.0187
85.701 60.00 60.0400 0.0 -0.042 -0.270 60.27 0.0190
85.799 60.00 60.0500 0.0 -0.054 -0.287 60.29 0.0195
85.901 60.00 60.0600 0.0 -0.063 -0.301 60.30 0.0198
86.000 60.00 60.0600 0.0 -0.062 -0.298 60.30 0.0197
86.100 60.00 60.0600 0.0 -0.062 -0.297 60.30 0.0196
86.200 60.00 60.0800 0.0 -0.081 -0.326 60.33 0.0204
86.300 60.00 60.0900 0.0 -0.093 -0.344 60.34 0.0209
86.400 60.00 60.0900 0.0 -0.094 -0.344 60.34 0.0208
86.501 60.00 60.1100 0.0 -0.105 -0.360 60.36 0.0213
86.599 60.00 60.0900 0.0 -0.093 -0.340 60.34 0.0206
86.701 60.00 60.1200 0.0 -0.124 -0.388 60.39 0.0220
86.800 60.00 60.1300 0.0 -0.125 -0.388 60.39 0.0220
86.900 60.00 60.1300 0.0 -0.130 -0.395 60.40 0.0221
87.001 60.00 60.1400 0.0 -0.136 -0.403 60.40 0.0223
87.099 60.00 60.1500 0.0 -0.148 -0.421 60.42 0.0228
87.201 60.00 60.1500 0.0 -0.152 -0.426 60.43 0.0229
87.299 60.00 60.1600 0.0 -0.163 -0.443 60.44 0.0233
87.401 60.00 60.1700 0.0 -0.167 -0.447 60.45 0.0234
87.500 60.00 60.1500 0.0 -0.152 -0.422 60.42 0.0225
87.600 60.00 60.1700 0.0 -0.173 -0.455 60.46 0.0235
87.701 60.00 60.1700 0.0 -0.170 -0.448 60.45 0.0232
87.800 60.00 60.2000 0.0 -0.197 -0.491 60.49 0.0245
87.901 60.00 60.2000 0.0 -0.199 -0.493 60.49 0.0244
88.001 60.00 60.2000 0.0 -0.196 -0.486 60.49 0.0241
88.100 60.00 60.2100 0.0 -0.210 -0.507 60.51 0.0247
88.201 60.00 60.2200 0.0 -0.217 -0.517 60.52 0.0250
88.300 60.00 60.2200 0.0 -0.216 -0.514 60.51 0.0248
88.401 60.00 60.2300 0.0 -0.229 -0.533 60.53 0.0253
88.501 60.00 60.2300 0.0 -0.228 -0.529 60.53 0.0251
88.599 60.00 60.2500 0.0 -0.246 -0.557 60.56 0.0259
88.701 60.00 60.2500 0.0 -0.246 -0.555 60.56 0.0258
88.799 60.00 60.2400 0.0 -0.235 -0.536 60.54 0.0251
88.901 60.00 60.2600 0.0 -0.259 -0.572 60.57 0.0261
89.000 60.00 60.2500 0.0 -0.248 -0.554 60.56 0.0255
89.100 60.00 60.2600 0.0 -0.260 -0.571 60.57 0.0259
89.200 60.00 60.2600 0.0 -0.259 -0.568 60.57 0.0258
89.300 60.00 60.2600 0.0 -0.263 -0.573 60.57 0.0258
89.400 60.00 60.2700 0.0 -0.274 -0.590 60.59 0.0263
89.501 60.00 60.3000 0.0 -0.296 -0.623 60.62 0.0272
89.599 60.00 60.3000 0.0 -0.295 -0.619 60.62 0.0270
89.701 60.00 60.2900 0.0 -0.291 -0.612 60.61 0.0267
89.800 60.00 60.2900 0.0 -0.293 -0.614 60.61 0.0267
89.901 60.00 60.3100 0.0 -0.311 -0.640 60.64 0.0274
90.001 60.00 60.3100 0.0 -0.306 -0.631 60.63 0.0271
90.100 60.00 60.3100 0.0 -0.312 -0.639 60.64 0.0272
90.201 60.00 60.3100 0.0 -0.312 -0.638 60.64 0.0271
90.300 60.00 60.3400 0.0 -0.338 -0.677 60.68 0.0283
90.401 60.00 60.3200 0.0 -0.322 -0.649 60.65 0.0273
90.501 60.00 60.3400 0.0 -0.342 -0.679 60.68 0.0282
90.600 60.00 60.3500 0.0 -0.349 -0.690 60.69 0.0284
90.700 60.00 60.3500 0.0 -0.353 -0.695 60.70 0.0285
90.800 60.00 60.3600 0.0 -0.358 -0.701 60.70 0.0286
90.901 60.00 60.3600 0.0 -0.359 -0.701 60.70 0.0285
91.001 60.00 60.3500 0.0 -0.352 -0.687 60.69 0.0280
91.101 60.00 60.3800 0.0 -0.381 -0.732 60.73 0.0293
91.202 60.00 60.3800 0.0 -0.379 -0.727 60.73 0.0290
91.301 60.00 60.3700 0.0 -0.365 -0.704 60.70 0.0282
91.402 60.00 60.3700 0.0 -0.371 -0.712 60.71 0.0284
91.502 60.00 60.3800 0.0 -0.378 -0.721 60.72 0.0286
91.600 60.00 60.4000 0.0 -0.395 -0.745 60.75 0.0292
91.702 60.00 60.3900 0.0 -0.392 -0.739 60.74 0.0290
91.801 60.00 60.4100 0.0 -0.408 -0.763 60.76 0.0296
91.902 60.00 60.4100 0.0 -0.409 -0.763 60.76 0.0295
92.002 60.00 60.4100 0.0 -0.414 -0.769 60.77 0.0296
92.101 60.00 60.4200 0.0 -0.419 -0.776 60.78 0.0297
92.202 60.00 60.4200 0.0 -0.415 -0.767 60.77 0.0294
92.301 60.00 60.4300 0.0 -0.426 -0.784 60.78 0.0298
92.402 60.00 60.4200 0.0 -0.417 -0.767 60.77 0.0292
92.501 60.00 60.4200 0.0 -0.423 -0.775 60.78 0.0293
92.601 60.00 60.4400 0.0 -0.435 -0.792 60.79 0.0298
92.701 60.00 60.4500 0.0 -0.453 -0.820 60.82 0.0305
92.801 60.00 60.4600 0.0 -0.455 -0.821 60.82 0.0305
92.901 60.00 60.4400 0.0 -0.439 -0.793 60.79 0.0295
93.002 60.00 60.4600 0.0 -0.460 -0.825 60.83 0.0304
93.100 60.00 60.4700 0.0 -0.467 -0.835 60.84 0.0307
93.202 60.00 60.4700 0.0 -0.472 -0.840 60.84 0.0307
93.300 60.00 60.4800 0.0 -0.477 -0.847 60.85 0.0308
93.402 60.00 60.4600 0.0 -0.457 -0.813 60.81 0.0297
93.501 60.00 60.4800 0.0 -0.481 -0.849 60.85 0.0307
93.601 60.00 60.4800 0.0 -0.483 -0.851 60.85 0.0307
93.701 60.00 60.4900 0.0 -0.492 -0.863 60.86 0.0309
93.801 60.00 60.4800 0.0 -0.475 -0.834 60.84 0.0300
93.901 60.00 60.5000 0.0 -0.495 -0.865 60.87 0.0308
94.002 60.00 60.5000 0.0 -0.500 -0.871 60.87 0.0309
94.100 60.00 60.5000 0.0 -0.500 -0.870 60.87 0.0308
94.202 60.00 60.5100 0.0 -0.507 -0.878 60.88 0.0309
94.300 60.00 60.5200 0.0 -0.516 -0.892 60.89 0.0313
94.402 60.00 60.5200 0.0 -0.518 -0.893 60.89 0.0312
94.501 60.00 60.5100 0.0 -0.505 -0.870 60.87 0.0304
94.601 60.00 60.5100 0.0 -0.506 -0.870 60.87 0.0303
94.702 60.00 60.5200 0.0 -0.519 -0.889 60.89 0.0308
94.801 60.00 60.5100 0.0 -0.510 -0.872 60.87 0.0302
94.901 60.00 60.5300 0.0 -0.526 -0.896 60.90 0.0308
95.002 60.00 60.5200 0.0 -0.515 -0.876 60.88 0.0301
95.100 60.00 60.5200 0.0 -0.519 -0.881 60.88 0.0302
95.202 60.00 60.5300 0.0 -0.528 -0.894 60.89 0.0305
95.300 60.00 60.5400 0.0 -0.541 -0.913 60.91 0.0310
95.402 60.00 60.5300 0.0 -0.534 -0.899 60.90 0.0305
95.501 60.00 60.5300 0.0 -0.528 -0.888 60.89 0.0300
95.601 60.00 60.5400 0.0 -0.537 -0.901 60.90 0.0303
95.701 60.00 60.5400 0.0 -0.534 -0.895 60.90 0.0300
95.801 60.00 60.5500 0.0 -0.554 -0.924 60.92 0.0308
95.901 60.00 60.5400 0.0 -0.541 -0.902 60.90 0.0301
96.002 60.00 60.5600 0.0 -0.563 -0.935 60.94 0.0310
96.100 60.00 60.5500 0.0 -0.551 -0.914 60.91 0.0302
96.202 60.00 60.5700 0.0 -0.565 -0.935 60.94 0.0308
96.300 60.00 60.5600 0.0 -0.560 -0.925 60.93 0.0304
96.402 60.00 60.5700 0.0 -0.568 -0.935 60.94 0.0306
96.501 60.00 60.5700 0.0 -0.565 -0.929 60.93 0.0303
96.601 60.00 60.5600 0.0 -0.564 -0.926 60.93 0.0301
96.702 60.00 60.5800 0.0 -0.582 -0.952 60.95 0.0309
96.801 60.00 60.5700 0.0 -0.573 -0.936 60.94 0.0303
96.902 60.00 60.5600 0.0 -0.564 -0.920 60.92 0.0297
97.002 60.00 60.5800 0.0 -0.578 -0.940 60.94 0.0302
97.102 60.00 60.5800 0.0 -0.577 -0.937 60.94 0.0300
97.202 60.00 60.5800 0.0 -0.579 -0.939 60.94 0.0300
97.302 60.00 60.5800 0.0 -0.582 -0.942 60.94 0.0300
97.402 60.00 60.5700 0.0 -0.574 -0.927 60.93 0.0294
97.503 60.00 60.5900 0.0 -0.586 -0.944 60.94 0.0299
97.601 60.00 60.5900 0.0 -0.587 -0.944 60.94 0.0298
97.703 60.00 60.5700 0.0 -0.569 -0.914 60.91 0.0287
97.802 60.00 60.5900 0.0 -0.593 -0.951 60.95 0.0298
97.903 60.00 60.5800 0.0 -0.581 -0.930 60.93 0.0290
98.003 60.00 60.6000 0.0 -0.596 -0.951 60.95 0.0296
98.101 60.00 60.5900 0.0 -0.593 -0.945 60.95 0.0293
98.203 60.00 60.5800 0.0 -0.583 -0.927 60.93 0.0287
98.301 60.00 60.6000 0.0 -0.604 -0.960 60.96 0.0296
98.403 60.00 60.6000 0.0 -0.595 -0.944 60.94 0.0290
98.502 60.00 60.6000 0.0 -0.604 -0.955 60.96 0.0293
98.602 60.00 60.5900 0.0 -0.592 -0.934 60.93 0.0285
98.703 60.00 60.6100 0.0 -0.605 -0.954 60.96 0.0291
98.802 60.00 60.6100 0.0 -0.605 -0.952 60.95 0.0289
98.903 60.00 60.6100 0.0 -0.610 -0.959 60.96 0.0291
99.003 60.00 60.6100 0.0 -0.607 -0.952 60.95 0.0288
99.102 60.00 60.6100 0.0 -0.605 -0.947 60.95 0.0285
99.203 60.00 60.6100 0.0 -0.608 -0.950 60.95 0.0285
99.302 60.00 60.6000 0.0 -0.603 -0.940 60.94 0.0281
99.403 60.00 60.6100 0.0 -0.606 -0.944 60.94 0.0281
99.502 60.00 60.6100 0.0 -0.610 -0.948 60.95 0.0282
99.602 60.00 60.6100 0.0 -0.608 -0.944 60.94 0.0280
99.702 60.00 60.6100 0.0 -0.614 -0.951 60.95 0.0281
99.802 60.00 60.6100 0.0 -0.609 -0.942 60.94 0.0277
99.902 60.00 60.6100 0.0 -0.613 -0.947 60.95 0.0278
100.003 60.00 60.5900 0.0 -0.591 -0.909 60.91 0.0265
100.101 60.00 60.6100 0.0 -0.606 -0.931 60.93 0.0271
100.203 60.00 60.6000 0.0 -0.602 -0.924 60.92 0.0268
100.301 60.00 60.6200 0.0 -0.615 -0.943 60.94 0.0273
100.403 60.00 60.6200 0.0 -0.619 -0.948 60.95 0.0274
100.502 60.00 60.6100 0.0 -0.612 -0.936 60.94 0.0269
100.602 60.00 60.6100 0.0 -0.612 -0.934 60.93 0.0268
100.703 60.00 60.6000 0.0 -0.601 -0.914 60.91 0.0261
100.802 60.00 60.6000 0.0 -0.595 -0.902 60.90 0.0256
100.903 60.00 60.6100 0.0 -0.611 -0.926 60.93 0.0263
101.002 60.00 60.6100 0.0 -0.611 -0.926 60.93 0.0262
101.102 60.00 60.6100 0.0 -0.613 -0.927 60.93 0.0262
101.202 60.00 60.6100 0.0 -0.612 -0.924 60.92 0.0260
101.302 60.00 60.6200 0.0 -0.614 -0.926 60.93 0.0260
101.402 60.00 60.6100 0.0 -0.609 -0.915 60.92 0.0256
101.503 60.00 60.6100 0.0 -0.609 -0.914 60.91 0.0254
101.601 60.00 60.6100 0.0 -0.607 -0.910 60.91 0.0252
101.703 60.00 60.6100 0.0 -0.607 -0.909 60.91 0.0251
101.801 60.00 60.5900 0.0 -0.585 -0.872 60.87 0.0239
101.903 60.00 60.6100 0.0 -0.611 -0.912 60.91 0.0251
102.002 60.00 60.6100 0.0 -0.608 -0.905 60.91 0.0248
102.102 60.00 60.5900 0.0 -0.585 -0.868 60.87 0.0235
102.202 60.00 60.6100 0.0 -0.609 -0.903 60.90 0.0246
102.302 60.00 60.5900 0.0 -0.592 -0.875 60.88 0.0236
102.402 60.00 60.5800 0.0 -0.580 -0.855 60.86 0.0229
102.503 60.00 60.6000 0.0 -0.600 -0.885 60.89 0.0238
102.602 60.00 60.5900 0.0 -0.593 -0.872 60.87 0.0233
102.703 60.00 60.6000 0.0 -0.600 -0.882 60.88 0.0235
102.802 60.00 60.6000 0.0 -0.596 -0.875 60.88 0.0232
102.903 60.00 60.6000 0.0 -0.598 -0.876 60.88 0.0232
103.003 60.00 60.6000 0.0 -0.600 -0.879 60.88 0.0232
103.103 60.00 60.5800 0.0 -0.581 -0.846 60.85 0.0221
103.203 60.00 60.5800 0.0 -0.580 -0.844 60.84 0.0220
103.303 60.00 60.6000 0.0 -0.595 -0.866 60.87 0.0226
103.403 60.00 60.5900 0.0 -0.592 -0.861 60.86 0.0224
103.504 60.00 60.5800 0.0 -0.583 -0.845 60.85 0.0218
103.603 60.00 60.5600 0.0 -0.563 -0.811 60.81 0.0207
103.704 60.00 60.5600 0.0 -0.563 -0.810 60.81 0.0206
103.802 60.00 60.5900 0.0 -0.585 -0.843 60.84 0.0216
103.904 60.00 60.5800 0.0 -0.575 -0.826 60.83 0.0210
104.003 60.00 60.5800 0.0 -0.579 -0.832 60.83 0.0211
104.103 60.00 60.5700 0.0 -0.572 -0.820 60.82 0.0206
104.203 60.00 60.5800 0.0 -0.578 -0.827 60.83 0.0208
104.303 60.00 60.5700 0.0 -0.570 -0.814 60.81 0.0203
104.403 60.00 60.5700 0.0 -0.568 -0.809 60.81 0.0201
104.504 60.00 60.5600 0.0 -0.556 -0.789 60.79 0.0194
104.603 60.00 60.5500 0.0 -0.549 -0.776 60.78 0.0189
104.704 60.00 60.5600 0.0 -0.564 -0.799 60.80 0.0196
104.803 60.00 60.5500 0.0 -0.550 -0.775 60.78 0.0188
104.904 60.00 60.5600 0.0 -0.562 -0.793 60.79 0.0193
105.004 60.00 60.5400 0.0 -0.543 -0.763 60.76 0.0183
105.103 60.00 60.5600 0.0 -0.562 -0.792 60.79 0.0191
105.204 60.00 60.5600 0.0 -0.557 -0.782 60.78 0.0188
105.303 60.00 60.5500 0.0 -0.550 -0.770 60.77 0.0183
105.404 60.00 60.5500 0.0 -0.548 -0.765 60.77 0.0181
105.503 60.00 60.5500 0.0 -0.549 -0.766 60.77 0.0181
105.603 60.00 60.5300 0.0 -0.529 -0.733 60.73 0.0170
105.703 60.00 60.5500 0.0 -0.548 -0.762 60.76 0.0179
105.803 60.00 60.5400 0.0 -0.542 -0.751 60.75 0.0175
105.903 60.00 60.5300 0.0 -0.532 -0.735 60.74 0.0169
106.004 60.00 60.5300 0.0 -0.531 -0.732 60.73 0.0168
106.103 60.00 60.5300 0.0 -0.526 -0.723 60.72 0.0164
106.204 60.00 60.5300 0.0 -0.530 -0.729 60.73 0.0165
106.302 60.00 60.5200 0.0 -0.516 -0.705 60.71 0.0157
106.404 60.00 60.5100 0.0 -0.514 -0.700 60.70 0.0156
106.504 60.00 60.5100 0.0 -0.511 -0.695 60.70 0.0153
106.603 60.00 60.5000 0.0 -0.500 -0.676 60.68 0.0147
106.704 60.00 60.5200 0.0 -0.516 -0.702 60.70 0.0155
106.802 60.00 60.5200 0.0 -0.517 -0.702 60.70 0.0154
106.904 60.00 60.5000 0.0 -0.503 -0.679 60.68 0.0147
107.003 60.00 60.5100 0.0 -0.514 -0.695 60.70 0.0151
107.103 60.00 60.5000 0.0 -0.502 -0.675 60.68 0.0144
107.203 60.00 60.5100 0.0 -0.505 -0.680 60.68 0.0145
107.303 60.00 60.4900 0.0 -0.493 -0.659 60.66 0.0138
107.403 60.00 60.5000 0.0 -0.499 -0.669 60.67 0.0141
107.504 60.00 60.4900 0.0 -0.492 -0.655 60.66 0.0137
107.603 60.00 60.4900 0.0 -0.487 -0.648 60.65 0.0134
107.704 60.00 60.4900 0.0 -0.487 -0.647 60.65 0.0133
107.802 60.00 60.4800 0.0 -0.482 -0.637 60.64 0.0130
107.904 60.00 60.4800 0.0 -0.480 -0.633 60.63 0.0128
108.004 60.00 60.4600 0.0 -0.459 -0.600 60.60 0.0117
108.103 60.00 60.4700 0.0 -0.473 -0.621 60.62 0.0123
108.204 60.00 60.4700 0.0 -0.471 -0.617 60.62 0.0122
108.303 60.00 60.4700 0.0 -0.470 -0.614 60.62 0.0120
108.404 60.00 60.4500 0.0 -0.451 -0.584 60.58 0.0111
108.504 60.00 60.4700 0.0 -0.472 -0.616 60.62 0.0120
108.604 60.00 60.4600 0.0 -0.464 -0.602 60.60 0.0116
108.703 60.00 60.4600 0.0 -0.462 -0.599 60.60 0.0114
108.803 60.00 60.4400 0.0 -0.440 -0.564 60.56 0.0103
108.903 60.00 60.4500 0.0 -0.448 -0.575 60.58 0.0106
109.004 60.00 60.4500 0.0 -0.453 -0.583 60.58 0.0108
109.103 60.00 60.4300 0.0 -0.426 -0.538 60.54 0.0094
109.204 60.00 60.4500 0.0 -0.448 -0.573 60.57 0.0104
109.303 60.00 60.4400 0.0 -0.439 -0.559 60.56 0.0100
109.404 60.00 60.4300 0.0 -0.432 -0.547 60.55 0.0096
109.504 60.00 60.4300 0.0 -0.432 -0.546 60.55 0.0095
109.605 60.00 60.4300 0.0 -0.432 -0.545 60.55 0.0095
109.704 60.00 60.4300 0.0 -0.425 -0.533 60.53 0.0091
109.804 60.00 60.4200 0.0 -0.418 -0.522 60.52 0.0087
109.904 60.00 60.4200 0.0 -0.419 -0.524 60.52 0.0087
110.004 60.00 60.4200 0.0 -0.416 -0.517 60.52 0.0085
110.104 60.00 60.4100 0.0 -0.406 -0.501 60.50 0.0079
110.205 60.00 60.4200 0.0 -0.415 -0.515 60.52 0.0083
110.304 60.00 60.4100 0.0 -0.405 -0.498 60.50 0.0078
110.405 60.00 60.4000 0.0 -0.401 -0.492 60.49 0.0076
110.504 60.00 60.4000 0.0 -0.404 -0.496 60.50 0.0077
110.605 60.00 60.3900 0.0 -0.391 -0.475 60.48 0.0070
110.705 60.00 60.3700 0.0 -0.372 -0.443 60.44 0.0060
110.804 60.00 60.3900 0.0 -0.387 -0.468 60.47 0.0067
110.904 60.00 60.3900 0.0 -0.388 -0.469 60.47 0.0067
111.004 60.00 60.3800 0.0 -0.380 -0.456 60.46 0.0063
111.104 60.00 60.3800 0.0 -0.381 -0.457 60.46 0.0063
111.205 60.00 60.3700 0.0 -0.372 -0.442 60.44 0.0059
111.303 60.00 60.3500 0.0 -0.352 -0.410 60.41 0.0048
111.405 60.00 60.3500 0.0 -0.354 -0.413 60.41 0.0049
111.504 60.00 60.3400 0.0 -0.342 -0.393 60.39 0.0042
111.605 60.00 60.3500 0.0 -0.349 -0.404 60.40 0.0046
111.704 60.00 60.3500 0.0 -0.346 -0.399 60.40 0.0044
111.804 60.00 60.3400 0.0 -0.344 -0.396 60.40 0.0043
111.905 60.00 60.3500 0.0 -0.348 -0.402 60.40 0.0045
112.004 60.00 60.3300 0.0 -0.330 -0.373 60.37 0.0036
112.105 60.00 60.3200 0.0 -0.324 -0.363 60.36 0.0032
112.204 60.00 60.3300 0.0 -0.333 -0.376 60.38 0.0037
112.304 60.00 60.3300 0.0 -0.329 -0.371 60.37 0.0035
112.404 60.00 60.3300 0.0 -0.331 -0.373 60.37 0.0035
112.504 60.00 60.3200 0.0 -0.318 -0.352 60.35 0.0028
112.604 60.00 60.3200 0.0 -0.316 -0.349 60.35 0.0028
112.705 60.00 60.2900 0.0 -0.293 -0.313 60.31 0.0016
112.803 60.00 60.2900 0.0 -0.292 -0.311 60.31 0.0016
112.905 60.00 60.2900 0.0 -0.292 -0.310 60.31 0.0015
113.004 60.00 60.3100 0.0 -0.307 -0.335 60.34 0.0023
113.105 60.00 60.3000 0.0 -0.301 -0.324 60.32 0.0019
113.204 60.00 60.2800 0.0 -0.282 -0.293 60.29 0.0010
113.304 60.00 60.2800 0.0 -0.280 -0.291 60.29 0.0009
113.405 60.00 60.2900 0.0 -0.288 -0.303 60.30 0.0013
113.504 60.00 60.2800 0.0 -0.276 -0.285 60.29 0.0007
113.605 60.00 60.2600 0.0 -0.263 -0.263 60.26 0.0000
113.704 60.00 60.2700 0.0 -0.274 -0.281 60.28 0.0006
113.804 60.00 60.2700 0.0 -0.267 -0.270 60.27 0.0002
113.904 60.00 60.2600 0.0 -0.263 -0.263 60.26 0.0000
114.004 60.00 60.2500 0.0 -0.250 -0.243 60.24 -0.0006
114.104 60.00 60.2500 0.0 -0.246 -0.236 60.24 -0.0008
114.205 60.00 60.2400 0.0 -0.240 -0.226 60.23 -0.0011
114.304 60.00 60.2400 0.0 -0.236 -0.220 60.22 -0.0013
114.404 60.00 60.2400 0.0 -0.236 -0.221 60.22 -0.0013
114.504 60.00 60.2200 0.1 -0.222 -0.198 60.20 -0.0020
114.604 60.00 60.2400 0.0 -0.237 -0.222 60.22 -0.0012
114.705 60.00 60.2300 0.0 -0.232 -0.215 60.22 -0.0015
114.804 60.00 60.2100 0.2 -0.211 -0.180 60.18 -0.0025
114.905 60.00 60.2200 0.1 -0.220 -0.196 60.20 -0.0021
115.004 60.00 60.2000 0.4 -0.197 -0.159 60.16 -0.0032
115.106 60.00 60.2100 0.3 -0.208 -0.176 60.18 -0.0026
