# time_s  celsius  duty_pct
1.003 40.8000 0.0
1.504 41.2700 0.0
2.006 41.5700 0.0
2.508 41.9600 0.0
3.009 42.4600 0.0
3.510 42.7700 0.0
4.012 43.0800 0.0
4.513 43.6300 0.0
5.015 43.8900 0.0
5.516 44.3500 0.0
6.018 44.7000 0.0
6.519 44.9700 0.0
7.020 45.3000 0.0
7.522 45.6600 0.0
8.023 46.0200 0.0
8.525 46.3800 0.0
9.026 46.3500 0.0
9.527 47.0300 0.0
10.028 47.3100 0.0
10.529 47.5900 0.0
11.031 47.9400 0.0
11.532 48.1900 0.0
12.034 48.6100 0.0
12.535 48.7700 0.0
13.036 49.0600 0.0
13.538 49.3200 0.0
14.039 49.5200 0.0
14.541 49.8100 0.0
15.042 50.1100 0.0
15.544 50.2800 0.0
16.045 50.5100 0.0
16.547 50.8500 0.0
17.048 50.9500 0.0
17.550 51.2600 0.0
18.051 51.4700 0.0
18.553 51.6700 0.0
19.055 51.9500 0.0
19.556 52.0900 0.0
20.058 52.2300 0.0
20.559 52.5800 0.0
21.060 52.6600 0.0
21.562 52.8700 0.0
22.063 53.1500 0.0
22.565 53.2600 0.0
23.066 53.5200 0.0
23.568 53.6600 0.0
24.069 53.7700 0.0
24.570 53.8400 0.0
25.071 54.2500 0.0
25.573 54.5100 0.0
26.074 54.5400 0.0
26.575 55.0700 0.0
27.077 54.7300 0.0
27.578 54.8800 0.0
28.080 55.0300 0.0
28.581 55.1400 0.0
29.083 55.2900 0.0
29.584 55.4100 0.0
30.086 55.4800 0.0
30.588 55.6000 0.0
31.089 55.7500 0.0
31.591 55.8700 0.0
32.092 55.9400 0.0
32.593 56.0600 0.0
33.095 56.1800 0.0
33.597 56.2200 0.0
34.098 56.2500 0.0
34.600 56.3700 0.0
35.101 56.4500 0.0
35.603 56.6100 0.0
36.104 56.8000 0.0
36.606 56.8400 0.0
37.107 56.8000 0.0
37.609 56.8400 0.0
38.110 56.8800 0.0
38.611 57.0000 0.0
39.112 57.0400 0.0
39.613 57.1200 0.0
40.114 57.2000 0.0
40.616 57.3600 0.0
41.117 57.3600 0.0
41.619 57.3600 0.0
42.120 57.4400 0.0
42.621 57.5600 0.0
43.123 57.5200 0.0
43.624 57.5600 0.0
44.126 57.6400 0.0
44.627 57.6400 0.0
45.128 57.7600 0.0
45.630 57.9200 0.0
46.131 57.8800 0.0
46.633 57.9200 0.0
47.134 57.8800 0.0
47.636 58.0500 0.0
48.137 57.9700 0.0
48.639 58.0900 0.0
49.140 58.1300 0.0
49.641 58.1300 0.0
50.143 58.2500 0.0
50.645 58.1700 0.0
51.146 58.3300 0.0
51.648 58.3700 0.0
52.149 58.3700 0.0
52.651 58.3700 0.0
53.152 58.4600 0.0
53.653 58.4600 0.0
54.154 58.4200 0.0
54.656 58.4600 0.0
55.157 58.5000 0.0
55.658 58.5400 0.0
56.160 58.5800 0.0
56.661 58.5800 0.0
57.163 58.5400 0.0
57.664 58.4600 0.0
58.166 58.8300 0.0
58.667 58.7500 0.0
59.169 58.7500 0.0
59.670 58.7100 0.0
60.171 58.7500 0.0
60.673 58.7500 0.0
61.174 58.7500 0.0
61.676 58.7500 0.0
62.177 58.7500 0.0
62.679 58.7500 0.0
63.180 58.7500 0.0
63.681 58.9600 0.0
64.183 58.7500 0.0
64.684 58.7900 0.0
65.185 58.7100 0.0
65.687 58.7500 0.0
66.189 58.7900 0.0
66.690 58.9100 0.0
67.192 58.7900 0.0
67.693 58.7900 0.0
68.194 58.7500 0.0
68.695 58.7900 0.0
69.196 58.9600 0.0
69.697 58.7100 0.0
70.199 58.7500 0.0
70.700 58.7900 0.0
71.202 58.7100 0.0
71.703 58.7500 0.0
72.204 58.6600 0.0
72.706 58.7500 0.0
73.207 58.6200 0.0
73.709 58.6600 0.0
74.210 58.7500 0.0
74.712 58.7900 0.0
75.213 58.6200 0.0
75.714 58.6200 0.0
76.216 58.6200 0.0
76.717 58.5800 0.0
77.219 58.6200 0.0
77.720 58.5000 0.0
78.221 58.5800 0.0
78.723 58.5400 0.0
79.224 58.5800 0.0
79.726 58.5400 0.0
80.227 58.4600 0.0
80.729 58.4600 0.0
81.230 58.4200 0.0
81.731 58.3700 0.0
82.233 58.4200 0.0
82.735 58.4600 0.0
83.236 58.3700 0.0
83.736 58.2500 0.0
84.238 58.2100 0.0
84.739 58.2500 0.0
85.241 58.3300 0.0
85.742 58.2500 0.0
86.243 58.2100 0.0
86.745 58.1700 0.0
87.246 58.0100 0.0
87.748 58.1300 0.0
88.249 58.0900 0.0
88.750 58.0900 0.0
89.252 58.0500 0.0
89.753 57.9200 0.0
90.255 57.9700 0.0
90.756 58.0100 0.0
91.257 57.9200 0.0
91.759 57.8800 0.0
92.260 57.7600 0.0
92.762 57.8000 0.0
93.263 57.7600 0.0
93.764 57.6800 0.0
94.266 57.7600 0.0
94.767 57.6400 0.0
95.269 57.6800 0.0
95.770 57.6400 0.0
96.271 57.5600 0.0
96.773 57.5600 0.0
97.274 57.5200 0.0
97.776 57.5200 0.0
98.277 57.4400 0.0
98.778 57.4400 0.0
99.279 57.4000 0.0
99.781 57.3200 0.0
100.282 57.4400 0.0
100.784 57.3200 0.4
101.286 57.2400 1.4
101.787 57.2000 2.0
102.289 57.2000 2.3
102.790 57.1600 2.9
103.292 57.0800 3.9
103.793 57.1600 3.5
104.295 57.0800 4.5
104.796 57.0000 5.5
105.298 56.9600 6.1
105.799 57.0000 6.1
106.301 56.9600 6.8
106.802 56.8800 7.8
107.303 56.8800 8.1
107.805 56.7600 9.4
108.306 56.8000 9.4
108.808 56.8000 9.8
109.309 56.6900 11.1
109.811 56.7200 11.1
110.312 56.5700 12.8
110.814 56.4500 14.1
111.315 56.4500 14.4
111.816 56.4500 14.7
112.318 56.3700 15.7
112.819 56.3700 16.1
113.320 56.3300 16.7
113.821 56.3700 16.8
114.322 56.2900 17.8
114.824 56.2500 18.5
115.326 56.2500 18.9
115.827 56.2200 19.6
116.329 56.2500 19.7
116.830 56.1400 21.1
117.331 56.2500 20.5
117.833 56.1800 21.6
118.334 56.1000 22.8
118.836 56.1000 23.2
119.337 56.1000 23.6
119.839 56.1000 24.1
120.340 56.1000 24.6
120.842 56.1000 25.1
121.343 56.0200 26.2
121.845 56.1000 26.0
122.346 56.1400 26.2
122.848 56.1400 26.8
123.349 56.1800 27.0
123.850 56.1000 28.2
124.352 56.2500 27.4
124.853 56.2200 28.4
125.355 56.2500 28.6
125.856 56.2900 28.9
126.358 56.2200 30.2
126.859 56.2500 30.5
127.360 56.8400 26.2
127.861 56.1000 33.2
128.362 56.4100 31.1
128.864 56.4500 31.5
129.365 56.5300 31.5
129.866 56.6100 31.5
130.368 56.6900 31.6
130.869 56.8000 31.4
131.371 56.8000 32.1
131.873 56.8000 32.9
132.374 56.9200 32.6
132.875 57.0000 32.7
133.377 57.0400 33.2
133.878 57.1600 33.0
134.380 57.2400 33.1
134.881 57.3600 33.0
135.383 57.4000 33.5
135.884 57.4000 34.4
136.386 57.6000 33.5
136.887 57.7200 33.4
137.389 57.8400 33.2
137.890 57.9700 33.1
138.392 58.0900 33.1
138.893 58.2500 32.6
139.395 58.2500 33.6
139.896 58.5000 32.5
140.398 58.5800 32.8
140.900 58.6600 33.1
141.401 58.8300 32.7
141.902 59.0400 32.0
142.403 59.0800 32.7
142.904 59.3300 31.6
143.406 59.3800 32.3
143.907 59.5000 32.3
144.409 59.5900 32.7
144.910 59.7600 32.3
145.412 60.1500 30.1
145.913 60.2300 30.5
146.415 61.2400 23.2
146.916 60.4900 30.9
147.418 60.8400 29.1
147.919 60.8900 29.9
148.421 61.1100 29.2
148.922 61.2900 28.9
149.424 61.4200 28.9
149.925 61.5100 29.3
150.426 61.8200 27.8
150.928 61.8200 29.0
151.429 62.1500 27.5
151.931 62.3700 26.8
152.432 62.5100 26.8
152.934 62.7900 25.7
153.435 62.9300 25.8
153.937 63.2100 24.7
154.438 63.4500 24.0
154.940 63.5900 24.1
155.441 63.6900 24.5
155.942 63.9200 23.8
156.444 64.1700 23.0
156.944 64.2600 23.4
157.446 64.5500 22.2
157.947 64.7500 21.9
158.449 65.0000 21.1
158.950 65.1500 21.1
159.451 65.3400 20.7
159.953 65.6000 19.9
160.454 65.8500 19.1
160.956 65.7500 21.2
161.457 65.6500 23.3
161.958 66.5100 17.1
162.460 66.6200 17.6
162.961 66.8200 17.1
163.463 67.0300 16.7
163.965 67.3000 15.8
164.466 67.5100 15.3
164.967 67.7200 14.9
165.469 67.9400 14.4
165.971 68.2600 13.0
166.472 68.3700 13.4
166.974 68.5900 12.9
167.475 68.7500 12.8
167.977 68.8700 13.2
168.478 69.2500 11.1
168.979 69.3700 11.5
169.481 69.5400 11.3
169.982 69.7100 11.2
170.484 70.1600 8.6
170.985 69.9300 11.8
171.486 70.3300 9.6
171.987 70.6200 8.4
172.489 70.6800 9.2
172.990 70.9200 8.4
173.492 71.1500 7.7
173.993 71.3300 7.4
174.494 71.4500 7.6
174.996 71.5700 7.8
175.497 71.8100 6.9
175.999 71.9900 6.6
176.500 72.1700 6.2
177.002 72.4200 5.3
177.503 72.5400 5.5
178.004 72.7300 5.0
178.506 72.9800 4.1
179.007 72.9800 5.3
179.509 73.1600 4.8
180.010 73.4800 3.2
180.512 73.4800 4.4
181.013 73.6700 3.8
181.515 74.0500 1.7
182.016 73.9300 3.9
182.518 74.3800 1.1
183.019 74.3100 2.8
183.520 74.2500 4.4
184.022 74.8400 0.4
184.523 75.9100 0.0
185.025 75.1700 0.3
185.526 75.1000 1.9
186.027 75.5000 0.0
186.528 75.2400 2.9
187.030 75.5700 1.0
187.531 75.6400 1.4
188.033 76.1200 0.0
188.534 75.8400 1.8
189.035 76.0500 1.0
189.537 76.1200 1.3
190.038 76.5300 0.0
190.540 76.2500 2.2
191.041 76.1800 3.6
191.543 76.5300 1.4
192.044 76.7400 0.5
192.546 76.6000 2.6
193.047 76.9500 0.4
193.549 77.0900 0.1
194.050 76.6000 5.1
194.552 77.0900 1.7
195.053 77.3100 0.7
195.555 77.3800 0.9
196.056 77.3100 2.4
196.559 77.6600 0.1
197.060 77.3800 3.4
197.561 77.6600 1.7
198.063 77.6600 2.5
198.564 77.3100 6.2
199.066 77.6600 3.8
199.567 77.8100 3.3
200.068 77.7400 4.6
200.569 78.3200 0.4
201.070 78.1700 2.5
201.572 77.8100 6.2
202.073 77.9500 5.6
202.574 78.0300 5.6
203.076 78.0300 6.3
203.577 78.1000 6.3
204.079 78.1000 6.9
204.580 78.2400 6.3
205.081 78.3900 5.7
205.583 78.2400 7.6
206.084 78.2400 8.2
206.586 78.2400 8.7
207.087 78.3900 8.1
207.589 78.5400 7.4
208.090 78.6100 7.5
208.591 78.5400 8.7
209.093 78.3200 11.2
209.594 78.4600 10.4
210.096 78.4600 11.0
210.597 78.5400 10.9
211.098 78.5400 11.5
211.600 78.4600 12.7
212.101 78.5400 12.6
212.602 78.4600 13.7
213.104 78.7600 11.8
213.606 78.6100 13.6
214.107 78.6100 14.1
214.609 78.7600 13.4
215.110 78.6900 14.6
215.611 78.9100 13.3
216.112 78.8300 14.6
216.613 78.6900 16.4
217.115 79.0600 13.8
217.616 78.9800 15.1
218.117 78.9100 16.3
218.619 78.9800 16.2
219.120 78.9800 16.8
219.622 78.9800 17.4
220.123 78.9100 18.6
220.624 78.6100 21.6
221.126 78.9800 18.9
221.627 79.0600 18.9
222.128 78.9100 20.7
222.630 78.9100 21.2
223.131 79.1300 19.9
223.633 79.1300 20.5
224.134 79.2100 20.5
224.636 79.3600 19.8
225.137 79.2100 21.7
225.638 79.2800 21.7
226.140 79.5100 20.4
226.641 79.2800 23.0
227.143 79.2100 24.2
227.644 79.5900 21.6
228.145 79.3600 24.2
228.647 79.5900 22.9
229.149 79.5900 23.6
229.650 79.5100 24.9
230.152 79.8200 22.9
230.652 79.6600 24.9
231.154 79.5900 26.2
231.655 79.6600 26.2
232.156 79.7400 26.2
232.658 79.9700 24.9
233.159 79.8900 26.3
233.661 80.3600 23.1
234.162 80.1200 25.9
234.664 80.0500 27.2
235.165 80.0500 27.9
235.666 80.1200 27.9
236.168 80.4300 26.0
236.669 80.5100 26.1
237.171 80.5100 26.9
237.672 80.5100 27.7
238.173 79.8200 34.2
238.675 80.7500 26.9
239.176 80.5900 29.1
239.678 80.6700 29.2
240.179 80.7500 29.2
240.680 80.9900 28.0
241.182 80.9100 29.5
241.683 81.2300 27.6
242.185 81.3100 27.8
242.686 81.5500 26.7
243.188 81.3900 28.9
243.689 81.3900 29.8
244.191 81.8700 26.5
244.692 81.8700 27.5
245.193 81.9500 27.7
245.694 81.7900 30.0
246.196 81.9500 29.4
246.697 82.2000 28.2
247.198 82.0300 30.5
247.700 82.5300 27.2
248.201 82.5300 28.1
248.703 82.6100 28.4
249.204 81.4700 38.9
249.705 82.8600 27.7
250.207 83.0300 27.3
250.709 83.1200 27.6
251.210 83.4600 25.7
251.711 83.5400 26.0
252.213 83.2000 29.7
252.714 83.5400 27.6
253.216 83.8000 26.3
253.717 83.8000 27.2
254.218 84.0600 25.8
254.720 83.6300 30.3
255.221 84.2400 25.9
255.723 84.4100 25.3
256.224 84.4100 26.1
256.725 84.9500 22.5
257.227 84.7700 24.9
257.728 85.0400 23.4
258.230 85.1300 23.6
258.731 85.2200 23.6
259.232 85.6700 20.6
259.734 85.7600 20.8
260.235 85.6700 22.4
260.736 86.1300 19.3
261.237 86.0400 21.0
261.739 86.4100 18.7
262.240 86.2200 21.1
262.742 86.5000 19.5
263.243 86.6000 19.5
263.745 86.7900 18.6
264.246 86.9800 17.8
264.747 87.4600 14.6
265.249 87.3600 16.3
265.751 87.5500 15.4
266.252 87.5500 16.2
266.753 87.7500 15.3
267.255 88.1400 12.8
267.756 88.5400 10.3
268.257 88.4400 12.0
268.759 88.3400 13.6
269.260 88.7400 10.9
269.762 88.6400 12.5
270.263 89.0400 9.8
270.765 88.8400 12.3
271.266 89.1400 10.3
271.768 89.4500 8.4
272.269 88.9400 13.4
272.771 89.5500 8.8
273.272 89.7600 7.7
273.773 89.8600 7.5
274.275 89.9700 7.3
274.776 90.3900 4.4
275.277 90.3900 5.1
275.778 90.6000 4.0
276.280 90.4900 5.5
276.781 90.9200 2.5
277.282 90.9200 3.2
277.784 91.3500 0.2
278.286 91.0300 3.6
278.787 91.0300 4.1
279.288 91.2400 2.8
279.790 91.2400 3.2
280.291 91.5700 0.9
280.793 91.5700 1.5
281.294 92.0100 0.0
281.796 91.9000 0.0
282.297 92.0100 0.0
282.798 92.5700 0.0
283.300 92.5700 0.0
283.801 93.0200 0.0
284.303 92.3400 0.0
284.804 92.4600 0.0
285.305 92.5700 0.0
285.807 93.0200 0.0
286.308 93.0200 0.0
286.810 92.9100 0.0
287.311 92.9100 0.0
287.813 93.1400 0.0
288.314 93.2500 0.0
288.815 93.4800 0.0
289.317 93.3700 0.0
289.818 93.3700 0.0
290.319 93.2500 0.0
290.820 93.4800 0.0
291.322 93.8300 0.0
291.823 93.3700 0.0
292.325 93.7200 0.0
292.826 93.8300 0.0
293.328 94.0700 0.0
293.829 94.1900 0.0
294.331 93.9500 0.0
294.833 93.8300 0.0
295.334 94.3100 0.0
295.835 94.1900 0.0
296.337 94.1900 0.0
296.838 93.9500 0.0
297.340 94.5400 0.0
297.842 96.0100 0.0
298.343 94.4200 0.0
298.845 94.0700 0.0
299.346 94.5400 0.0
299.848 94.1900 0.0
300.349 94.5400 0.0
300.850 94.1900 0.0
301.352 94.3100 0.0
301.853 94.0700 0.0
302.355 94.4200 0.0
302.856 94.3100 0.0
303.358 94.1900 0.0
303.859 94.6600 0.0
304.360 94.3100 0.0
304.861 94.3100 0.0
305.362 94.4200 0.0
305.864 94.5400 0.0
306.365 94.0700 0.0
306.866 94.6600 0.0
307.368 94.1900 0.0
307.869 94.5400 0.0
308.371 94.3100 0.0
308.872 93.4800 3.9
309.374 94.4200 0.0
309.875 94.1900 0.0
310.376 94.1900 0.0
310.878 94.1900 0.0
311.380 94.3100 0.0
311.881 93.6000 2.6
312.383 94.3100 0.0
312.884 93.9500 0.0
313.385 93.8300 0.3
313.887 94.0700 0.0
314.388 93.7200 1.0
314.890 93.8300 0.0
315.391 93.6000 1.6
315.892 93.7200 0.4
316.394 93.6000 1.1
316.895 93.7200 0.0
317.397 93.9500 0.0
317.898 94.3100 0.0
318.400 93.3700 2.9
318.901 93.0200 5.5
319.402 93.3700 2.2
319.903 93.6000 0.0
320.404 93.4800 0.9
320.905 93.1400 3.6
321.407 93.0200 4.2
321.908 92.7900 5.8
322.410 93.0200 3.5
322.911 93.1400 2.2
323.413 92.9100 3.9
323.914 93.0200 2.7
324.416 92.7900 4.4
324.917 92.9100 3.1
325.419 93.0200 1.9
325.920 92.6800 4.6
326.422 92.9100 2.4
326.924 92.9100 2.2
327.425 92.3400 6.8
327.926 92.6800 3.6
328.428 92.1200 8.1
328.929 92.2300 6.7
329.431 92.4600 4.5
329.932 92.2300 6.2
330.433 92.2300 5.9
330.935 92.1200 6.5
331.436 91.4600 11.8
331.938 92.0100 6.7
332.439 91.7900 8.3
332.941 91.5700 9.8
333.442 91.6800 8.5
333.943 91.7900 7.3
334.444 91.7900 7.1
334.945 91.5700 8.7
335.447 90.8100 14.7
335.948 91.3500 9.7
336.449 91.4600 8.5
336.951 91.3500 9.2
337.452 91.3500 9.0
337.953 91.0300 11.5
338.455 90.8100 12.9
338.956 91.3500 8.1
339.458 90.9200 11.5
339.959 91.0300 10.4
340.461 91.3500 7.4
340.962 90.8100 11.8
341.463 91.1300 8.9
341.965 91.0300 9.7
342.466 90.4900 13.9
342.968 90.3900 14.5
343.469 90.4900 13.3
343.971 90.3900 13.9
344.472 90.3900 13.6
344.974 90.3900 13.3
345.475 90.3900 13.1
345.977 90.2800 13.8
346.478 89.9700 16.2
346.979 89.0400 23.6
347.481 90.1800 13.5
347.982 90.3900 11.6
348.484 89.7600 16.8
348.985 89.6500 17.4
349.486 89.7600 16.2
349.987 88.9400 22.8
350.488 89.7600 15.5
350.990 89.7600 15.4
351.491 89.8600 14.4
351.992 89.8600 14.3
352.494 89.6500 15.9
352.995 89.8600 14.1
353.497 89.7600 14.9
353.998 89.7600 14.8
354.500 89.5500 16.5
355.001 89.5500 16.4
355.502 89.0400 20.5
356.004 89.4500 16.8
356.505 89.6500 15.0
357.006 89.5500 15.8
357.508 89.5500 15.7
358.009 89.6500 14.8
358.511 89.5500 15.7
359.012 89.1400 19.1
359.514 89.6500 14.6
360.016 89.3500 17.2
360.517 89.0400 19.6
361.019 88.8400 21.1
361.520 89.1400 18.4
362.021 89.8600 12.3
362.523 89.2400 17.6
363.024 89.2400 17.5
363.526 88.9400 20.0
364.027 89.3500 16.4
364.527 89.1400 18.1
365.029 89.2400 17.2
365.530 89.5500 14.6
366.032 89.7600 13.0
366.533 89.0400 19.1
367.034 89.1400 18.2
367.536 88.8400 20.7
368.037 89.3500 16.3
368.539 89.5500 14.6
369.040 89.3500 16.4
369.541 89.3500 16.4
370.043 89.2400 17.3
370.544 89.3500 16.5
371.046 89.3500 16.5
371.547 88.8400 20.8
372.048 89.0400 18.9
372.550 89.6500 13.7
373.051 89.4500 15.6
373.553 89.4500 15.7
374.054 89.2400 17.5
374.556 89.5500 14.9
375.057 90.2800 8.9
375.559 89.7600 13.6
376.060 89.8600 12.9
376.562 89.8600 13.1
377.063 89.6500 14.9
377.565 89.8600 13.2
378.066 89.9700 12.5
378.567 90.2800 10.0
379.069 89.6500 15.5
379.569 89.7600 14.6
380.071 90.0700 12.1
380.572 89.6500 15.7
381.074 90.1800 11.3
381.575 89.7600 15.0
382.076 89.9700 13.2
382.578 90.8100 6.3
383.079 90.0700 12.8
383.581 90.1800 12.0
384.082 90.0700 13.0
384.584 90.3900 10.4
385.085 89.7600 15.8
385.587 90.0700 13.1
386.088 90.3900 10.5
386.590 90.3900 10.7
387.091 90.2800 11.7
387.593 90.6000 9.1
388.094 90.6000 9.3
388.596 90.4900 10.3
389.097 90.6000 9.6
389.599 90.3900 11.5
390.100 90.1800 13.3
390.601 90.4900 10.6
391.103 90.8100 8.0
391.604 90.6000 10.0
392.106 91.2400 4.7
392.607 90.9200 7.7
393.109 90.7000 9.6
393.610 90.7000 9.7
394.111 90.8100 8.8
394.612 91.2400 5.3
395.113 91.3500 4.6
395.615 91.1300 6.7
396.116 91.1300 6.8
396.618 91.2400 6.0
397.119 91.1300 7.1
397.620 91.1300 7.2
398.122 91.3500 5.4
398.623 91.3500 5.6
399.125 91.2400 6.6
399.626 91.2400 6.7
400.127 91.2400 6.7
400.629 91.0300 8.6
401.131 91.4600 4.9
401.632 91.6800 3.2
402.133 91.4600 5.2
402.635 91.7900 2.5
403.136 91.3500 6.4
403.638 91.7900 2.7
404.139 91.4600 5.6
404.641 91.2400 7.5
405.142 91.5700 4.7
405.644 91.6800 3.8
406.145 91.4600 5.7
406.646 91.4600 5.7
407.148 91.7900 2.9
407.649 91.4600 5.8
408.151 91.6800 3.9
408.652 91.5700 4.9
409.153 92.1200 0.3
409.654 91.5700 5.1
410.156 91.7900 3.2
410.657 91.7900 3.3
411.159 91.9000 2.4
411.660 91.6800 4.3
412.162 91.5700 5.2
412.663 91.5700 5.1
413.165 91.9000 2.3
413.666 91.9000 2.3
414.168 91.6800 4.2
414.669 91.7900 3.2
415.171 92.5700 0.0
415.672 91.6800 4.5
416.174 91.3500 7.2
416.675 91.6800 4.2
417.177 91.7900 3.3
417.678 91.7900 3.2
418.179 91.7900 3.2
418.681 91.6800 4.1
419.182 91.6800 4.0
419.684 91.5700 4.9
420.185 91.7900 2.9
420.687 91.7900 2.9
421.188 91.9000 2.0
421.689 91.5700 4.7
422.191 92.0100 0.9
422.692 91.6800 3.8
423.194 92.2300 0.0
423.694 91.4600 5.7
424.195 91.7900 2.8
424.697 91.3500 6.4
425.199 91.3500 6.2
425.700 91.4600 5.1
426.201 91.3500 5.9
426.703 91.2400 6.6
427.204 91.3500 5.5
427.706 91.3500 5.4
428.207 91.1300 7.1
428.709 91.3500 5.1
429.210 91.7900 1.3
429.712 91.1300 6.8
430.213 91.2400 5.8
430.714 91.4600 3.8
431.216 91.2400 5.6
431.717 91.2400 5.5
432.219 91.0300 7.2
432.720 90.7000 9.7
433.221 90.9200 7.6
433.723 91.2400 4.7
434.224 91.5700 1.9
434.726 90.9200 7.4
435.227 90.7000 9.0
435.729 91.0300 6.1
436.230 90.8100 7.8
436.732 90.9200 6.8
437.233 91.0300 5.7
437.735 90.9200 6.6
438.236 90.6000 9.1
438.737 90.8100 7.2
439.238 90.6000 8.8
439.739 90.7000 7.7
440.241 89.9700 13.8
440.742 90.1800 11.6
441.244 90.6000 7.8
441.746 90.6000 7.8
442.247 90.3900 9.4
442.748 90.8100 5.7
443.250 90.0700 11.9
443.751 89.9700 12.6
444.253 90.0700 11.4
444.754 90.0700 11.2
445.256 89.6500 14.5
445.757 90.0700 10.7
446.259 89.8600 12.3
446.760 89.7600 13.0
447.262 90.0700 10.2
447.763 90.0700 10.1
448.265 89.7600 12.6
448.766 89.8600 11.6
449.268 89.9700 10.6
449.769 89.7600 12.3
450.270 89.9700 10.4
450.772 90.0700 9.5
451.273 89.6500 12.9
451.775 89.6500 12.8
452.276 89.8600 10.9
452.777 89.7600 11.7
453.278 89.8600 10.8
453.779 89.5500 13.3
454.281 89.6500 12.3
454.782 89.6500 12.3
455.283 89.5500 13.0
455.785 89.6500 12.1
456.286 89.5500 12.9
456.788 89.6500 11.9
457.290 89.4500 13.6
457.791 89.5500 12.6
458.292 89.3500 14.3
458.794 89.2400 15.0
459.295 89.4500 13.2
459.797 89.1400 15.7
460.298 89.0400 16.3
460.800 89.5500 11.9
461.301 89.5500 11.9
461.802 89.6500 11.1
462.304 89.1400 15.4
462.805 89.4500 12.7
463.307 89.3500 13.6
463.808 89.2400 14.4
464.309 89.2400 14.3
464.811 89.2400 14.3
465.312 89.7600 9.9
465.814 89.3500 13.5
466.315 89.3500 13.5
466.817 88.6400 19.4
467.318 89.4500 12.3
467.819 88.9400 16.7
468.320 89.2400 14.0
468.822 89.1400 14.8
469.324 89.4500 12.2
469.825 89.2400 14.0
470.327 89.4500 12.3
470.828 89.0400 15.8
471.330 89.2400 14.0
471.831 89.2400 14.0
472.333 89.2400 14.0
472.834 88.8400 17.4
473.336 89.4500 12.2
473.838 89.4500 12.3
474.339 89.2400 14.1
474.841 89.2400 14.1
475.342 89.4500 12.4
475.843 88.9400 16.7
476.345 89.2400 14.1
476.846 89.3500 13.3
477.348 89.4500 12.5
477.849 89.2400 14.3
478.351 89.4500 12.6
478.852 89.3500 13.5
479.353 89.6500 11.0
479.855 89.6500 11.1
480.356 89.1400 15.5
480.858 89.9700 8.6
481.359 89.1400 15.7
481.860 89.4500 13.1
482.361 89.5500 12.2
482.862 89.3500 14.0
483.364 89.5500 12.3
483.865 89.3500 14.1
484.366 89.9700 8.9
484.868 89.7600 10.9
485.369 89.3500 14.4
485.871 89.3500 14.4
486.372 89.5500 12.7
486.874 89.4500 13.6
487.375 89.4500 13.6
487.877 89.4500 13.6
488.378 89.7600 11.0
488.880 89.4500 13.7
489.381 89.4500 13.7
489.883 89.6500 12.0
490.385 89.6500 12.1
490.886 89.9700 9.5
491.387 89.8600 10.6
491.889 89.9700 9.8
492.390 89.9700 10.0
492.892 89.8600 11.0
493.393 89.7600 11.9
493.895 90.0700 9.3
494.396 89.6500 13.0
494.898 90.0700 9.5
495.399 90.1800 8.7
495.901 90.6000 5.4
496.402 89.5500 14.4
496.903 89.8600 11.7
497.404 90.0700 10.0
497.906 90.2800 8.3
498.407 89.6500 13.7
498.909 90.0700 10.1
499.411 90.1800 9.3
499.912 90.1800 9.4
500.414 90.1800 9.5
500.915 90.4900 6.9
501.417 90.0700 10.6
501.918 90.6000 6.2
502.420 90.1800 10.0
502.921 90.2800 9.1
503.423 90.4900 7.4
503.924 90.3900 8.4
504.426 90.4900 7.6
504.927 90.2800 9.5
505.429 90.3900 8.6
505.930 90.2800 9.6
506.432 90.3900 8.7
506.934 90.3900 8.8
507.435 90.7000 6.1
507.936 90.7000 6.3
508.438 90.6000 7.3
508.939 90.4900 8.3
509.441 90.1800 10.9
509.942 90.8100 5.5
510.444 90.7000 6.6
510.944 90.3900 9.3
511.446 90.9200 4.9
511.947 90.7000 6.8
512.448 90.4900 8.6
512.950 90.6000 7.7
513.451 90.3900 9.5
513.953 90.4900 8.6
514.454 90.4900 8.6
514.956 90.9200 5.0
515.457 90.6000 7.8
515.958 90.7000 6.9
516.460 90.7000 7.0
516.961 90.9200 5.2
517.462 91.0300 4.4
517.964 90.9200 5.4
518.465 90.8100 6.4
518.967 90.8100 6.4
519.468 90.6000 8.2
519.970 90.8100 6.4
520.471 90.9200 5.5
520.972 90.9200 5.6
521.474 90.6000 8.3
521.975 91.2400 2.9
522.477 91.1300 3.9
522.978 91.1300 4.0
523.480 90.9200 5.9
523.981 90.8100 6.8
524.483 90.9200 5.9
524.984 90.8100 6.8
525.486 91.0300 4.9
525.986 91.0300 5.0
526.487 91.0300 5.0
526.989 91.1300 4.1
527.490 90.9200 6.0
527.991 91.2400 3.2
528.493 90.8100 6.9
528.994 90.9200 5.9
529.496 91.2400 3.2
529.997 90.8100 6.9
530.499 90.2800 11.2
531.000 90.7000 7.4
531.502 91.0300 4.6
532.003 91.1300 3.8
532.505 91.0300 4.7
533.006 90.9200 5.6
533.507 90.9200 5.6
534.009 91.1300 3.8
534.510 90.6000 8.3
535.012 90.6000 8.2
535.513 90.3900 9.8
536.015 90.7000 6.9
536.516 91.0300 4.2
537.018 90.9200 5.1
537.519 90.8100 6.0
538.020 90.7000 6.9
538.522 90.9200 5.0
539.024 90.7000 6.8
539.525 91.0300 4.1
540.026 90.8100 5.9
540.527 90.6000 7.6
541.028 90.3900 9.3
541.530 90.6000 7.3
542.031 90.4900 8.2
542.533 90.4900 8.0
543.034 90.2800 9.7
543.535 90.3900 8.6
544.037 90.7000 5.9
544.538 90.6000 6.8
545.040 90.4900 7.6
545.541 90.1800 10.2
546.043 90.0700 10.9
546.544 91.0300 2.7
547.045 90.1800 10.0
547.547 90.0700 10.7
548.048 90.3900 7.9
548.549 90.6000 6.0
549.051 90.3900 7.8
549.552 90.2800 8.7
550.054 90.3900 7.7
550.555 90.3900 7.7
551.057 90.8100 4.1
551.558 90.8100 4.2
552.060 89.8600 12.2
552.561 89.9700 11.1
553.063 90.1800 9.2
553.564 89.6500 13.4
554.066 90.0700 9.7
554.567 89.8600 11.3
555.069 90.3900 6.8
555.569 90.1800 8.6
556.071 89.4500 14.6
556.572 89.6500 12.6
557.074 90.0700 8.9
557.575 89.9700 9.8
558.076 89.8600 10.6
558.578 89.6500 12.2
559.079 89.5500 13.0
559.581 89.6500 11.9
560.082 89.4500 13.5
560.584 89.6500 11.6
561.085 89.8600 9.8
561.587 89.8600 9.8
562.088 89.3500 14.1
562.590 89.6500 11.4
563.091 89.5500 12.2
563.592 89.5500 12.1
564.094 89.1400 15.4
564.595 89.5500 11.8
565.097 89.7600 10.0
565.598 89.5500 11.8
566.099 89.2400 14.3
566.601 89.4500 12.5
567.102 89.9700 8.1
567.604 89.0400 16.0
568.105 89.3500 13.2
568.606 89.3500 13.1
569.108 89.8600 8.8
569.609 89.4500 12.3
570.111 89.1400 14.9
570.611 89.4500 12.2
571.113 89.2400 13.9
571.615 89.7600 9.5
572.116 89.5500 11.3
572.618 89.3500 13.1
573.119 89.3500 13.0
573.621 89.5500 11.3
574.122 89.3500 13.0
574.623 89.1400 14.7
575.125 89.3500 12.9
575.626 89.5500 11.2
576.128 89.1400 14.6
576.629 89.1400 14.5
577.130 89.5500 11.0
577.632 89.4500 12.0
578.133 88.9400 16.3
578.635 89.3500 12.7
579.136 89.6500 10.2
579.637 89.2400 13.7
580.139 89.3500 12.8
580.640 89.3500 12.8
581.142 89.3500 12.8
581.643 89.4500 12.0
582.145 89.2400 13.8
582.646 89.4500 12.0
583.147 89.1400 14.6
583.649 88.9400 16.2
584.150 89.2400 13.6
584.652 89.4500 11.9
585.152 89.5500 11.1
585.653 89.5500 11.2
586.155 89.2400 13.8
586.656 89.3500 13.0
587.158 89.5500 11.3
587.659 89.3500 13.1
588.161 89.4500 12.2
588.662 89.5500 11.4
589.164 89.2400 14.1
589.665 89.5500 11.5
590.166 89.5500 11.6
590.668 89.3500 13.3
591.169 89.2400 14.2
591.671 89.5500 11.6
592.172 89.6500 10.8
592.674 89.4500 12.6
593.175 89.4500 12.7
593.676 89.5500 11.8
594.178 89.7600 10.2
594.679 89.6500 11.2
595.181 89.6500 11.2
595.682 89.4500 13.0
596.183 89.5500 12.2
596.685 89.6500 11.3
597.186 89.8600 9.7
597.688 89.9700 8.9
598.189 89.9700 9.1
598.690 89.7600 11.0
599.192 89.7600 11.0
599.693 89.6500 11.9
600.194 89.9700 9.3
600.695 89.9700 9.5
601.197 89.8600 10.4
601.698 89.9700 9.6
602.200 90.0700 8.8
602.701 89.9700 9.8
603.202 89.6500 12.5
603.704 90.0700 9.0
604.206 90.0700 9.1
604.707 90.0700 9.2
605.209 89.8600 11.0
605.710 90.0700 9.3
606.211 89.6500 12.8
606.713 89.7600 11.9
607.214 90.0700 9.2
607.716 90.4900 5.8
608.217 90.0700 9.6
608.718 89.9700 10.5
609.220 90.3900 7.0
609.721 90.0700 9.8
610.223 89.5500 14.1
610.724 89.9700 10.5
611.225 90.2800 7.9
611.727 90.3900 7.1
612.228 90.2800 8.2
612.730 90.1800 9.1
613.231 90.1800 9.2
613.732 90.1800 9.2
614.234 89.4500 15.3
614.735 90.0700 9.9
615.236 90.4900 6.4
615.737 90.2800 8.3
616.238 89.7600 12.7
616.740 90.1800 9.1
617.241 90.3900 7.4
617.743 90.6000 5.8
618.244 90.0700 10.3
618.745 90.3900 7.7
619.247 90.3900 7.7
619.748 90.3900 7.8
620.250 90.9200 3.4
620.751 90.4900 7.2
621.253 90.1800 9.9
621.754 90.1800 9.9
622.256 90.3900 8.1
622.757 90.7000 5.5
623.258 90.7000 5.6
623.760 90.6000 6.6
624.261 90.4900 7.6
624.763 90.6000 6.7
625.264 90.4900 7.7
625.766 90.8100 5.0
626.267 90.6000 6.9
626.768 90.3900 8.7
627.270 90.4900 7.8
627.771 90.1800 10.4
628.273 90.1800 10.3
628.774 90.6000 6.7
629.275 90.3900 8.5
629.777 90.3900 8.4
630.277 90.6000 6.6
630.779 90.4900 7.6
631.280 90.4900 7.6
631.781 90.6000 6.7
632.283 90.6000 6.7
632.784 90.7000 5.9
633.286 90.4900 7.7
633.787 90.6000 6.8
634.289 90.4900 7.7
634.790 90.8100 5.0
635.292 90.3900 8.7
635.793 90.4900 7.7
636.294 90.7000 5.9
636.796 90.4900 7.8
637.298 90.3900 8.6
637.800 90.6000 6.9
638.302 90.4900 7.9
638.803 90.7000 6.2
639.305 90.6000 7.3
639.806 90.0700 11.8
640.308 90.4900 8.3
640.809 90.3900 9.3
641.311 90.7000 6.8
641.812 90.4900 8.8
642.313 90.9200 5.4
642.815 90.7000 7.5
643.316 90.2800 11.3
643.817 90.2800 11.4
644.319 90.4900 9.7
644.819 90.6000 9.1
645.321 90.4900 10.2
645.822 90.3900 11.3
646.324 90.4900 10.6
646.825 90.6000 9.9
647.326 90.2800 12.8
647.828 90.0700 14.8
648.329 90.4900 11.3
648.831 90.1800 14.2
649.332 90.4900 11.8
649.833 90.2800 13.8
650.335 91.2400 6.0
650.836 90.4900 12.9
651.338 90.4900 13.2
651.839 90.3900 14.3
652.341 90.2800 15.5
652.842 90.8100 11.3
653.344 90.3900 15.3
653.845 90.2800 16.4
654.346 89.9700 19.3
654.848 90.2800 16.8
655.349 90.4900 15.3
655.851 90.1800 18.4
656.352 90.6000 15.1
656.854 90.1800 19.0
657.355 90.2800 18.4
657.856 90.1800 19.6
658.358 90.1800 19.9
658.859 90.2800 19.4
659.361 91.7900 7.1
659.861 90.2800 20.6
660.362 90.2800 20.9
660.864 90.4900 19.5
661.365 90.6000 19.0
661.867 90.3900 21.2
662.368 90.2800 22.5
662.869 90.1800 23.7
663.371 90.2800 23.1
663.872 90.3900 22.6
664.374 90.4900 22.2
664.875 90.0700 26.1
665.377 90.1800 25.6
665.879 89.9700 27.7
666.380 90.2800 25.4
666.881 90.6000 23.1
667.383 90.0700 28.1
667.884 90.0700 28.5
668.385 90.3900 26.2
668.887 90.3900 26.7
669.389 90.3900 27.2
669.890 90.2800 28.6
670.391 90.3900 28.2
670.893 90.8100 25.1
671.394 90.6000 27.6
671.896 90.1800 31.6
672.397 90.4900 29.4
672.898 90.8100 27.3
673.400 90.4900 30.6
673.901 90.4900 31.1
674.402 90.6000 30.8
674.903 91.0300 27.8
675.404 90.9200 29.4
675.906 90.9200 30.0
676.407 91.1300 28.9
676.909 91.4600 26.9
677.410 91.2400 29.5
677.911 91.1300 31.1
678.413 91.4600 29.0
678.914 91.2400 31.6
679.416 91.3500 31.4
679.917 91.2400 33.0
680.418 91.6800 29.9
680.920 91.6800 30.7
681.421 92.5700 24.0
681.923 91.4600 34.4
682.424 92.0100 30.4
682.926 92.1200 30.2
683.427 91.6800 34.8
683.928 92.4600 28.9
684.430 92.3400 30.7
684.932 92.1200 33.4
685.433 92.3400 32.3
685.934 92.3400 33.1
686.436 92.2300 34.8
686.937 92.9100 29.8
687.439 92.9100 30.8
687.940 93.0200 30.6
688.442 93.7200 25.6
688.943 93.0200 32.3
689.444 93.1400 32.1
689.945 93.6000 28.9
690.446 93.4800 30.7
690.948 93.3700 32.3
691.449 93.7200 30.1
691.950 94.5400 23.9
692.452 93.7200 31.8
692.953 93.7200 32.4
693.455 94.1900 29.1
693.956 94.6600 25.8
694.458 93.4800 36.5
694.959 94.5400 28.0
695.461 94.6600 27.8
695.962 94.7800 27.5
696.463 94.9100 27.2
696.965 95.1500 25.9
697.466 95.1500 26.7
697.968 95.2700 26.4
698.469 95.5200 25.1
698.971 95.7600 23.8
699.472 96.0100 22.5
699.974 96.2700 21.2
700.475 95.5200 28.3
700.977 96.1400 23.6
701.479 96.5200 21.1
701.980 96.5200 21.9
702.482 96.9000 19.4
702.983 96.6500 22.4
703.485 96.7700 22.0
703.986 96.3900 25.8
704.487 97.6800 15.5
704.988 97.4200 18.6
705.489 97.6800 17.1
705.991 97.8200 16.8
706.492 97.9500 16.4
706.994 97.8200 18.3
707.495 98.3500 14.4
707.996 98.6200 12.9
708.498 98.6200 13.7
708.999 98.6200 14.5
709.501 99.0300 11.7
710.002 98.8900 13.6
710.503 99.3000 10.8
711.005 99.0300 13.8
711.506 99.4400 10.9
712.008 99.7200 9.3
712.509 99.7200 10.0
713.011 100.1400 7.1
713.512 100.1400 7.8
714.014 100.5700 4.9
714.515 100.2800 8.0
715.017 100.4300 7.4
715.518 100.2800 9.2
716.020 101.1500 2.4
716.521 100.7100 6.8
717.022 100.7100 7.3
717.524 101.5900 0.4
718.026 101.1500 4.8
718.527 101.4400 2.9
719.028 101.9000 0.0
719.529 101.5900 2.9
720.030 101.7500 2.1
720.532 101.9000 1.3
721.033 101.9000 1.8
721.535 102.3500 0.0
722.036 102.3500 0.0
722.537 102.6500 0.0
723.039 102.3500 0.5
723.540 102.6500 0.0
724.042 102.8100 0.0
724.543 102.8100 0.0
725.044 104.0600 0.0
725.546 103.1200 0.0
726.047 103.4300 0.0
726.549 103.1200 0.0
727.050 103.5800 0.0
727.552 103.1200 0.0
728.053 102.8100 2.1
728.554 103.5800 0.0
729.056 102.6500 3.9
729.557 103.5800 0.0
730.059 103.7400 0.0
730.560 103.5800 0.0
731.062 103.9000 0.0
731.563 103.9000 0.0
732.064 104.2200 0.0
732.566 104.0600 0.0
733.067 103.7400 0.0
733.569 103.9000 0.0
734.069 103.5800 0.0
734.571 103.2700 2.2
735.072 104.3800 0.0
735.574 104.2200 0.0
736.075 104.3800 0.0
736.577 104.3800 0.0
737.078 104.0600 0.0
737.580 104.5400 0.0
738.081 104.2200 0.0
738.583 104.2200 0.0
739.084 104.2200 0.0
739.586 104.2200 0.0
740.087 105.1900 0.0
740.589 105.0300 0.0
741.090 104.2200 0.0
741.591 104.0600 0.0
742.093 104.3800 0.0
742.594 104.3800 0.0
743.096 104.5400 0.0
743.597 104.2200 0.0
744.098 104.0600 0.0
744.600 104.5400 0.0
745.102 104.3800 0.0
745.603 103.7400 2.2
746.104 104.0600 0.0
746.606 104.3800 0.0
747.107 104.0600 0.0
747.609 104.2200 0.0
748.110 104.0600 0.0
748.611 103.9000 0.5
749.112 103.9000 0.3
749.613 104.0600 0.0
750.115 104.2200 0.0
750.617 104.2200 0.0
751.118 103.4300 4.1
751.620 104.2200 0.0
752.121 103.7400 1.2
752.623 104.2200 0.0
753.124 103.4300 3.6
753.626 103.2700 4.6
754.127 103.2700 4.2
754.628 103.7400 0.0
755.130 103.4300 2.5
755.631 103.7400 0.0
756.133 103.4300 2.2
756.634 103.4300 2.0
757.136 103.5800 0.5
757.637 103.4300 1.6
758.138 103.4300 1.4
758.640 102.9600 5.1
759.141 102.8100 6.0
759.643 102.6500 6.9
760.144 102.8100 5.2
760.645 102.8100 4.9
761.147 102.6500 5.9
761.648 102.9600 3.0
762.150 102.8100 4.1
762.651 102.2000 8.9
763.152 102.3500 7.2
763.653 102.5000 5.6
764.154 102.3500 6.6
764.656 102.2000 7.6
765.157 102.8100 2.2
765.659 102.2000 7.2
766.160 102.3500 5.6
766.662 101.9000 9.1
767.163 102.2000 6.3
767.665 102.0500 7.3
768.166 101.5900 10.8
768.668 101.7500 9.1
769.169 101.9000 7.5
769.670 101.7500 8.5
770.172 101.7500 8.3
770.673 101.5900 9.3
771.175 101.4400 10.3
771.676 101.0000 13.6
772.177 101.3000 10.8
772.679 101.1500 11.7
773.180 101.1500 11.3
773.682 101.1500 11.1
774.183 100.7100 14.4
774.685 100.8600 12.8
775.187 100.2800 17.3
775.688 100.7100 13.2
776.190 100.4300 15.3
776.691 100.5700 13.8
777.193 100.2800 15.9
777.694 100.4300 14.3
778.194 100.1400 16.4
778.696 99.7200 19.6
779.197 100.0000 16.8
779.699 99.8600 17.7
780.200 99.5800 19.7
780.701 99.8600 17.0
781.203 100.1400 14.3
781.704 98.8900 24.7
782.206 99.7200 17.2
782.708 99.4400 19.3
783.209 99.1600 21.3
783.711 99.0300 22.1
784.212 99.1600 20.6
784.713 98.6200 24.9
785.215 98.0800 28.9
785.716 99.7200 14.7
786.218 98.8900 21.7
786.719 98.6200 23.7
787.220 98.4800 24.5
787.722 98.7500 21.9
788.223 98.4800 24.0
788.725 98.2100 26.0
789.226 98.7500 21.1
789.727 97.6800 30.0
790.229 98.0800 26.2
790.730 98.4800 22.6
791.232 97.8200 28.1
791.733 97.8200 27.8
792.235 97.5500 29.7
792.736 97.8200 27.1
793.236 97.6800 28.0
793.738 97.1600 32.2
794.239 97.1600 31.8
794.741 97.4200 29.3
795.242 97.5500 28.0
795.743 97.1600 31.1
796.245 96.9000 33.0
796.746 97.0300 31.7
797.248 97.1600 30.4
797.749 97.0300 31.3
798.250 96.5200 35.4
798.752 96.7700 33.0
799.254 96.9000 31.7
799.755 96.7700 32.7
800.256 96.5200 34.7
800.758 96.2700 36.6
801.259 96.5200 34.2
801.761 96.7700 31.9
802.262 96.9000 30.8
802.763 96.5200 34.1
803.265 96.2700 36.1
803.766 96.1400 37.0
804.268 96.0100 37.8
804.769 95.8900 38.7
805.270 95.2700 43.6
805.772 95.8900 38.1
806.273 95.8900 37.9
806.775 95.8900 37.8
807.276 95.3900 41.9
807.777 95.7600 38.6
808.278 95.5200 40.6
808.779 95.1500 43.5
809.281 95.5200 40.2
809.782 95.3900 41.2
810.284 95.1500 43.1
810.785 95.2700 41.9
811.287 95.5200 39.8
811.788 96.1400 34.6
812.290 95.2700 42.1
812.792 95.2700 42.1
813.293 94.9100 45.1
813.795 95.0300 43.9
814.296 94.1900 50.9
814.797 94.7800 45.5
815.299 94.6600 46.4
815.801 94.7800 45.3
816.302 94.7800 45.3
816.804 94.0700 51.2
817.305 94.6600 46.0
817.807 94.4200 48.0
818.308 94.1900 49.9
818.809 94.5400 46.8
819.311 94.1900 49.8
819.812 94.5400 46.7
820.313 94.1900 49.8
820.815 94.0700 50.7
821.316 94.1900 49.7
821.818 94.3100 48.7
822.319 94.3100 48.7
822.820 94.1900 49.8
823.321 93.8300 52.8
823.823 94.1900 49.7
824.324 94.0700 50.8
824.826 93.6000 54.8
825.327 95.2700 40.7
825.828 93.8300 53.2
826.330 93.8300 53.2
826.831 93.4800 56.1
827.333 93.2500 57.9
827.834 94.0700 50.9
828.336 94.1900 50.1
828.837 93.9500 52.3
829.338 94.0700 51.4
829.840 93.6000 55.5
830.341 92.9100 61.2
830.843 93.6000 55.2
831.344 92.9100 61.1
831.846 93.6000 55.1
832.347 93.9500 52.3
832.849 93.4800 56.5
833.350 93.3700 57.5
833.852 93.4800 56.6
834.353 93.8300 53.8
834.854 93.6000 56.0
835.356 93.7200 55.1
835.857 94.0700 52.4
836.359 93.4800 57.6
836.860 93.4800 57.7
837.361 93.4800 57.8
837.862 93.7200 56.0
838.363 93.3700 59.1
838.865 93.8300 55.3
839.366 93.6000 57.5
839.867 93.4800 58.6
840.369 93.7200 56.8
840.870 93.4800 59.0
841.372 92.6800 65.8
841.873 93.4800 58.9
842.374 92.7900 64.9
842.876 93.6000 58.1
843.377 93.6000 58.3
843.879 93.6000 58.6
844.380 93.4800 59.8
844.882 93.6000 59.0
845.383 93.7200 58.2
845.884 94.0700 55.6
846.386 93.6000 59.9
846.887 93.4800 61.0
847.388 93.8300 58.3
847.890 93.3700 62.5
848.392 93.7200 59.7
848.893 93.7200 59.9
849.394 93.7200 60.1
849.896 93.7200 60.4
850.397 93.8300 59.6
850.899 94.4200 55.0
851.400 93.4800 63.3
851.902 93.7200 61.4
852.402 93.7200 61.6
852.904 93.9500 59.9
853.405 94.1900 58.2
853.907 93.8300 61.5
854.409 93.6000 63.6
854.910 93.8300 61.8
855.412 93.8300 62.0
855.913 94.0700 60.3
856.415 93.7200 63.5
856.916 94.3100 58.7
857.417 94.0700 61.1
857.919 94.1900 60.4
858.420 93.9500 62.6
858.923 94.1900 60.9
859.424 93.9500 63.1
859.926 93.9500 63.3
860.427 94.1900 61.5
860.928 94.0700 62.8
861.430 93.8300 65.0
861.931 94.0700 63.1
862.433 94.5400 59.4
862.934 94.1900 62.7
863.436 94.5400 60.0
863.937 94.6600 59.4
864.440 94.3100 62.7
864.941 94.5400 61.0
865.443 94.5400 61.3
865.944 94.7800 59.6
866.445 95.5200 53.8
866.946 94.6600 61.5
867.448 95.0300 58.8
867.949 94.7800 61.2
868.451 95.0300 59.4
868.952 95.0300 59.8
869.454 95.2700 58.0
869.955 94.9100 61.5
870.457 95.5200 56.6
870.958 94.9100 62.2
871.459 94.6600 64.4
871.961 95.7600 55.3
872.462 95.2700 59.9
872.964 95.1500 61.2
873.465 95.2700 60.5
873.966 95.5200 58.7
874.468 95.2700 61.1
874.969 95.7600 57.2
875.471 95.5200 59.6
875.972 95.6400 58.9
876.473 95.6400 59.2
876.975 95.6400 59.5
877.476 95.6400 59.8
877.978 95.6400 60.1
878.479 95.5200 61.3
878.981 96.0100 57.4
879.483 95.6400 60.9
879.984 95.8900 59.0
880.486 96.0100 58.2
880.986 95.8900 59.6
881.487 95.6400 61.9
881.989 96.1400 57.9
882.491 95.6400 62.4
882.992 95.8900 60.5
883.494 95.8900 60.7
883.995 95.7600 61.9
884.497 95.8900 61.0
884.998 95.7600 62.3
885.500 95.8900 61.4
886.001 95.8900 61.6
886.503 96.1400 59.7
887.004 96.0100 61.0
887.506 96.6500 55.9
888.007 96.3900 58.5
888.509 94.9100 71.2
889.010 96.2700 59.6
889.512 96.7700 55.6
890.013 96.6500 57.1
890.515 97.0300 54.2
891.016 96.3900 60.1
891.517 96.2700 61.3
892.019 96.7700 57.2
892.520 97.0300 55.4
893.022 96.7700 58.0
893.523 96.5200 60.4
894.025 97.1600 55.2
894.526 97.1600 55.5
895.027 97.8200 50.4
895.528 97.1600 56.5
896.030 97.5500 53.5
896.531 97.2900 56.1
897.032 97.4200 55.3
897.534 97.9500 51.2
898.035 97.1600 58.2
898.537 97.6800 54.0
899.038 98.2100 49.9
899.540 97.4200 57.0
900.041 98.7500 46.0
900.543 97.6800 55.6
901.044 98.2100 51.4
901.546 97.6800 56.1
902.047 97.6800 56.3
902.548 98.2100 52.0
903.050 97.9500 54.5
903.551 98.6200 49.1
904.053 98.8900 47.3
904.554 99.0300 46.6
905.056 98.3500 52.8
905.557 98.3500 53.0
906.059 98.6200 50.9
906.560 98.6200 51.2
907.062 99.1600 46.9
907.563 98.6200 51.9
908.065 99.1600 47.5
908.566 98.6200 52.4
909.068 98.8900 50.3
909.569 98.8900 50.5
910.070 98.8900 50.7
910.571 99.3000 47.5
911.073 99.4400 46.6
911.575 99.3000 48.1
912.076 99.4400 47.2
912.578 99.1600 49.8
913.079 98.8900 52.3
913.581 99.5800 46.5
914.082 99.5800 46.8
914.584 99.3000 49.4
915.085 99.3000 49.5
915.587 100.0000 43.9
916.088 100.0000 44.2
916.590 100.0000 44.5
917.091 100.0000 44.9
917.593 100.1400 43.9
918.094 100.0000 45.4
918.596 100.1400 44.4
919.097 100.1400 44.7
919.599 100.1400 44.9
920.100 100.2800 43.9
920.601 100.0000 46.5
921.103 100.8600 39.4
921.604 100.4300 43.4
922.106 100.7100 41.2
922.607 101.0000 39.1
923.109 100.4300 44.3
923.610 100.4300 44.4
924.111 101.0000 39.6
924.612 100.8600 41.2
925.113 100.8600 41.4
925.615 101.1500 39.1
926.116 100.7100 43.0
926.617 101.1500 39.5
927.119 101.1500 39.7
927.620 101.4400 37.5
928.122 100.8600 42.6
928.624 101.1500 40.2
929.125 101.4400 37.9
929.627 101.1500 40.6
930.128 101.3000 39.5
930.629 101.3000 39.6
931.131 101.3000 39.7
931.632 101.4400 38.6
932.134 102.0500 33.7
932.635 101.5900 37.8
933.137 101.4400 39.2
933.638 101.7500 36.7
934.140 101.7500 36.9
934.641 101.5900 38.3
935.143 102.0500 34.6
935.644 101.7500 37.3
936.145 101.3000 41.1
936.647 101.9000 36.0
937.148 101.5900 38.7
937.650 102.0500 34.9
938.151 101.5900 38.9
938.652 102.2000 33.8
939.153 102.3500 32.7
939.654 101.9000 36.7
940.156 102.3500 33.0
940.657 102.5000 31.9
941.158 102.3500 33.3
941.660 102.2000 34.7
942.161 102.0500 36.0
942.663 102.3500 33.5
943.164 102.3500 33.6
943.665 102.3500 33.7
944.167 102.6500 31.2
944.669 102.3500 33.9
945.170 101.9000 37.7
945.672 102.5000 32.5
946.173 102.8100 30.0
946.674 102.0500 36.5
947.176 102.9600 28.8
947.677 102.6500 31.6
948.179 101.7500 39.2
948.680 102.2000 35.1
949.181 102.5000 32.5
949.683 102.3500 33.8
950.184 102.6500 31.2
950.686 102.6500 31.3
951.187 102.6500 31.4
951.688 102.8100 30.1
952.190 102.3500 34.0
952.691 102.2000 35.2
953.193 102.6500 31.2
953.694 102.2000 35.0
954.194 102.5000 32.4
954.696 102.2000 34.9
955.197 102.8100 29.6
955.699 102.6500 31.0
956.200 102.2000 34.8
956.701 103.1200 27.0
957.203 102.8100 29.7
957.704 102.9600 28.5
958.206 102.6500 31.1
958.707 102.8100 29.8
959.209 102.6500 31.1
959.710 102.9600 28.4
960.211 102.5000 32.3
960.713 102.5000 32.2
961.215 102.6500 30.8
961.716 102.5000 32.0
962.218 102.0500 35.7
962.719 102.6500 30.3
963.221 101.9000 36.6
963.722 102.9600 27.4
964.223 102.6500 30.1
964.725 102.8100 28.8
965.226 102.6500 30.1
965.728 103.1200 26.1
966.229 102.6500 30.1
966.730 102.9600 27.5
967.232 102.8100 28.8
967.734 102.3500 32.6
968.235 102.8100 28.6
968.736 102.8100 28.5
969.237 102.9600 27.2
969.738 103.7400 20.7
970.240 102.8100 28.8
970.741 102.6500 30.0
971.242 101.9000 36.2
971.744 102.6500 29.5
972.245 102.8100 28.1
972.747 102.6500 29.3
973.248 102.5000 30.5
973.749 102.6500 29.1
974.251 102.6500 29.0
974.752 102.5000 30.1
975.254 102.8100 27.4
975.755 102.8100 27.4
976.256 102.6500 28.7
976.758 102.8100 27.3
977.260 102.8100 27.3
977.761 102.2000 32.3
978.263 102.5000 29.5
978.764 102.3500 30.6
979.266 102.5000 29.2
979.767 102.3500 30.3
980.268 102.3500 30.2
980.770 102.5000 28.7
981.271 102.3500 29.9
981.773 102.8100 25.9
982.274 102.6500 27.2
982.775 102.3500 29.8
983.277 102.3500 29.6
983.778 102.8100 25.6
984.279 102.8100 25.6
984.780 102.3500 29.5
985.282 102.6500 26.8
985.783 102.5000 28.0
986.285 102.2000 30.4
986.786 102.3500 29.0
987.287 102.2000 30.1
987.789 102.2000 29.9
988.290 102.0500 31.0
988.792 101.5900 34.6
989.293 102.0500 30.4
989.794 102.2000 29.0
990.296 101.9000 31.4
990.797 101.9000 31.2
991.299 102.0500 29.8
991.800 101.9000 30.9
992.301 101.9000 30.7
992.803 102.0500 29.3
993.304 101.5900 33.0
993.806 102.0500 28.9
994.307 101.7500 31.4
994.809 101.7500 31.2
995.310 101.9000 29.8
995.812 102.0500 28.4
996.313 101.3000 34.6
996.814 101.5900 31.9
997.316 101.7500 30.4
997.817 102.0500 27.8
998.319 101.5900 31.6
998.819 101.1500 35.1
999.321 101.5900 31.1
999.822 101.9000 28.4
1000.324 101.9000 28.4
1000.825 101.4400 32.2
1001.326 101.0000 35.7
1001.828 101.5900 30.4
1002.329 101.5900 30.4
1002.831 101.5900 30.3
1003.332 101.3000 32.7
1003.834 101.7500 28.7
1004.335 101.5900 30.0
1004.837 101.3000 32.4
1005.338 101.1500 33.5
1005.840 101.3000 32.0
1006.341 101.3000 31.9
1006.843 101.0000 34.2
1007.344 101.3000 31.5
1007.846 101.1500 32.7
1008.347 101.1500 32.5
1008.849 101.4400 29.9
1009.351 101.1500 32.4
1009.853 101.3000 31.0
1010.354 100.8600 34.6
1010.856 101.1500 31.9
1011.357 101.1500 31.8
1011.859 100.7100 35.4
1012.360 101.0000 32.7
1012.861 101.0000 32.6
1013.362 100.5700 36.1
1013.863 101.0000 32.3
1014.365 101.1500 31.0
1014.867 101.3000 29.7
1015.368 100.7100 34.6
1015.870 101.0000 32.0
1016.371 100.8600 33.2
1016.873 100.7100 34.3
1017.374 100.8600 32.9
1017.876 100.8600 32.8
1018.377 101.0000 31.5
1018.879 101.3000 29.0
1019.380 100.5700 35.2
1019.882 100.7100 33.8
1020.383 100.8600 32.5
1020.885 100.5700 34.8
1021.386 101.0000 31.0
1021.888 101.0000 31.0
1022.389 100.4300 35.9
1022.891 100.5700 34.5
1023.393 100.5700 34.3
1023.894 100.4300 35.4
1024.396 99.7200 41.1
1024.896 100.7100 32.4
1025.398 100.2800 36.0
1025.900 100.4300 34.7
1026.402 100.0000 38.1
1026.903 100.2800 35.5
1027.404 100.4300 34.2
1027.906 100.0000 37.7
1028.407 100.1400 36.3
1028.909 100.4300 33.8
1029.410 100.5700 32.6
1029.912 100.0000 37.4
1030.413 100.0000 37.2
1030.915 100.4300 33.5
1031.416 100.2800 34.7
1031.918 99.7200 39.4
1032.419 100.0000 36.8
1032.922 100.2800 34.3
1033.422 100.1400 35.5
1033.924 99.7200 39.0
1034.426 99.7200 38.8
1034.928 100.1400 35.1
1035.428 100.2800 33.9
1035.930 99.7200 38.6
1036.432 99.7200 38.5
1036.934 99.8600 37.2
1037.435 100.0000 35.9
1037.936 99.5800 39.4
1038.438 99.8600 36.9
1038.939 99.1600 42.6
1039.441 99.7200 37.7
1039.942 99.8600 36.5
1040.444 99.8600 36.5
1040.944 99.7200 37.6
1041.446 99.5800 38.8
1041.947 99.7200 37.5
1042.449 100.1400 33.9
1042.951 100.1400 34.0
1043.452 99.8600 36.5
1043.954 99.8600 36.5
1044.455 99.7200 37.6
1044.957 99.3000 41.1
1045.458 99.5800 38.6
1045.960 99.1600 42.0
1046.461 99.5800 38.3
1046.963 99.3000 40.5
1047.465 99.4400 39.3
1047.967 99.7200 36.9
1048.467 99.3000 40.4
1048.969 99.4400 39.1
1049.471 99.1600 41.4
1049.971 99.4400 38.9
1050.473 99.4400 38.9
1050.974 99.5800 37.7
1051.476 99.5800 37.7
1051.976 99.4400 38.9
1052.478 99.3000 40.0
1052.980 99.1600 41.1
1053.482 99.1600 41.0
1053.982 99.5800 37.5
1054.485 99.0300 42.1
1054.986 98.7500 44.3
1055.487 99.0300 41.8
1055.988 99.3000 39.4
1056.490 99.4400 38.2
1056.991 99.3000 39.5
1057.493 99.1600 40.6
1057.994 99.3000 39.4
1058.496 99.3000 39.5
1058.998 99.3000 39.5
1059.499 99.3000 39.5
1060.001 98.7500 44.1
1060.502 98.6200 45.1
1061.004 99.0300 41.4
1061.506 99.0300 41.4
1062.008 99.0300 41.4
1062.508 98.8900 42.5
1063.010 99.0300 41.3
1063.512 99.3000 39.0
1064.014 99.3000 39.1
1064.514 98.8900 42.6
1065.016 99.3000 39.1
1065.518 99.0300 41.5
1066.019 99.3000 39.2
1066.520 98.4800 46.1
1067.022 99.1600 40.2
1067.524 99.1600 40.3
1068.025 99.0300 41.5
1068.527 99.0300 41.5
1069.027 98.7500 43.8
1069.529 99.4400 37.9
1070.030 98.3500 47.2
1070.532 98.7500 43.6
1071.034 98.8900 42.4
1071.535 98.7500 43.5
1072.037 99.1600 40.0
1072.538 98.8900 42.5
1073.040 97.8200 51.4
1073.541 98.7500 43.2
1074.043 98.8900 42.1
1074.544 99.1600 39.8
1075.047 98.8900 42.3
1075.549 98.8900 42.3
1076.049 98.8900 42.3
1076.551 99.1600 40.1
1077.053 98.6200 44.8
1077.553 99.0300 41.3
1078.055 98.8900 42.5
1078.556 98.7500 43.7
1079.058 98.6200 44.8
1079.559 98.6200 44.8
1080.060 98.7500 43.6
1080.562 98.8900 42.4
1081.064 99.1600 40.2
1081.566 98.8900 42.6
1082.067 98.8900 42.7
1082.569 99.0300 41.6
1083.069 99.1600 40.5
1083.571 98.6200 45.2
1084.072 98.8900 42.9
1084.574 98.4800 46.3
1085.075 99.3000 39.4
1085.577 99.0300 41.9
1086.078 99.0300 42.0
1086.580 99.0300 42.0
1087.081 98.6200 45.5
1087.583 98.7500 44.3
1088.085 99.0300 42.0
1088.586 98.7500 44.4
1089.088 99.0300 42.1
1089.590 99.1600 41.0
1090.092 98.8900 43.4
1090.592 98.7500 44.6
1091.094 99.3000 40.0
1091.596 99.0300 42.5
1092.098 98.6200 45.9
1092.600 98.8900 43.6
1093.100 98.7500 44.7
1093.602 98.6200 45.8
1094.103 98.8900 43.5
1094.604 99.0300 42.4
1095.106 99.5800 37.9
1095.607 98.8900 43.9
1096.109 99.0300 42.8
1096.610 98.8900 44.0
1097.111 99.0300 42.8
1097.612 99.1600 41.8
1098.114 99.0300 43.0
1098.615 99.7200 37.3
1099.117 99.0300 43.4
1099.618 98.0800 51.3
1100.120 99.1600 41.9
1100.621 99.3000 40.9
1101.122 99.4400 39.8
1101.624 99.7200 37.7
1102.125 99.3000 41.4
1102.627 99.0300 43.8
1103.129 99.0300 43.8
1103.631 99.0300 43.8
1104.133 98.6200 47.2
1104.633 98.8900 44.8
1105.135 98.6200 47.0
1105.637 99.1600 42.4
1106.138 99.1600 42.4
1106.639 99.1600 42.5
1107.141 99.0300 43.8
1107.643 99.7200 38.0
1108.144 98.4800 48.6
1108.646 99.3000 41.5
1109.146 99.4400 40.5
1109.648 98.8900 45.3
1110.150 99.3000 41.8
1110.651 99.1600 43.0
1111.152 99.1600 43.1
1111.653 99.1600 43.1
1112.155 99.4400 40.9
1112.657 99.5800 39.8
1113.158 99.1600 43.5
1113.660 99.3000 42.3
1114.161 99.1600 43.5
1114.663 99.5800 40.1
1115.164 99.3000 42.6
1115.666 99.3000 42.6
1116.167 99.3000 42.6
1116.669 99.1600 43.9
1117.170 99.4400 41.5
1117.672 98.8900 46.2
1118.174 99.0300 45.0
1118.676 99.0300 44.9
1119.178 99.3000 42.6
1119.678 99.0300 44.9
1120.180 99.4400 41.5
1120.682 99.4400 41.6
1121.184 100.1400 35.8
1121.684 99.1600 44.3
1122.186 99.3000 43.1
1122.687 99.1600 44.3
1123.189 99.7200 39.6
1123.690 99.7200 39.8
1124.192 99.5800 41.1
1124.694 99.5800 41.2
1125.194 99.5800 41.3
1125.696 99.7200 40.2
1126.198 99.4400 42.7
1126.699 100.5700 33.2
1127.200 99.0300 46.5
1127.702 99.7200 40.6
1128.204 99.4400 43.0
1128.705 99.3000 44.1
1129.207 99.4400 42.9
1129.708 99.4400 42.9
1130.210 99.5800 41.7
1130.711 99.0300 46.4
1131.212 99.3000 44.0
1131.715 99.4400 42.8
1132.217 99.3000 43.9
1132.717 100.0000 38.1
1133.219 99.4400 43.0
1133.721 99.5800 41.8
1134.222 99.3000 44.2
1134.723 99.4400 43.0
1135.225 99.3000 44.1
1135.726 99.7200 40.6
1136.228 100.0000 38.4
1136.728 100.1400 37.4
1137.230 99.8600 40.0
1137.732 99.8600 40.1
1138.234 99.8600 40.2
1138.735 99.7200 41.5
1139.236 99.7200 41.5
1139.737 100.0000 39.2
1140.240 99.4400 44.0
1140.741 99.8600 40.4
1141.242 99.5800 42.8
1141.744 100.4300 35.7
1142.245 99.7200 41.9
1142.747 100.1400 38.3
1143.248 100.0000 39.6
1143.750 100.0000 39.7
1144.251 99.1600 46.8
1144.753 100.0000 39.6
1145.254 100.2800 37.3
1145.756 100.0000 39.8
1146.258 100.0000 39.9
1146.760 99.8600 41.1
1147.262 100.0000 40.0
1147.762 99.5800 43.5
1148.264 100.1400 38.7
1148.766 99.8600 41.2
1149.268 100.2800 37.6
1149.768 99.7200 42.5
1150.270 100.1400 38.9
1150.771 99.7200 42.5
1151.273 99.8600 41.3
1151.774 100.0000 40.1
1152.276 100.2800 37.8
1152.777 100.1400 39.1
1153.278 99.8600 41.5
1153.779 101.0000 31.9
1154.281 100.1400 39.5
1154.782 100.0000 40.7
1155.284 100.2800 38.3
1155.786 99.8600 41.9
1156.287 100.1400 39.5
1156.789 99.7200 43.0
1157.291 100.2800 38.2
1157.792 100.2800 38.3
1158.293 100.2800 38.4
1158.795 100.4300 37.2
1159.297 99.4400 45.6
1159.799 100.2800 38.3
1160.299 100.2800 38.4
1160.801 100.4300 37.3
1161.303 100.4300 37.4
1161.805 100.1400 39.9
1162.306 100.0000 41.0
1162.807 100.2800 38.6
1163.309 100.0000 41.0
1163.810 99.8600 42.1
1164.312 99.7200 43.2
1164.812 100.0000 40.7
1165.314 100.2800 38.3
1165.816 99.8600 41.9
1166.318 100.5700 35.9
1166.819 100.8600 33.6
1167.320 100.2800 38.7
1167.821 100.1400 39.9
1168.323 99.8600 42.2
1168.824 100.2800 38.6
1169.326 100.7100 35.0
1169.827 100.8600 34.0
1170.329 100.1400 40.2
1170.830 100.4300 37.8
1171.331 100.2800 39.0
1171.833 100.4300 37.8
1172.334 99.8600 42.6
1172.836 100.0000 41.2
1173.338 100.2800 38.8
1173.840 100.2800 38.8
1174.340 100.0000 41.2
1174.842 100.0000 41.1
1175.344 100.4300 37.4
1175.846 100.2800 38.7
1176.348 100.2800 38.7
1176.848 101.0000 32.7
1177.350 99.7200 43.7
1177.852 100.1400 40.0
1178.353 100.4300 37.5
1178.854 100.2800 38.8
1179.356 100.0000 41.1
1179.857 100.0000 41.0
1180.359 100.1400 39.8
1180.860 100.2800 38.6
1181.361 100.0000 41.0
1181.862 100.1400 39.7
1182.364 100.4300 37.3
1182.865 100.2800 38.6
1183.366 100.7100 35.0
1183.868 100.4300 37.5
1184.369 100.4300 37.6
1184.871 100.4300 37.6
1185.372 100.4300 37.7
1185.874 100.5700 36.5
1186.375 100.7100 35.4
1186.877 100.2800 39.1
1187.378 100.1400 40.2
1187.881 100.1400 40.1
1188.381 100.1400 40.1
1188.883 100.4300 37.6
1189.385 100.1400 40.0
1189.887 100.1400 40.0
1190.388 100.0000 41.1
1190.889 100.2800 38.6
1191.391 100.2800 38.6
1191.892 100.5700 36.2
1192.394 100.4300 37.5
1192.894 100.5700 36.3
1193.396 100.0000 41.2
1193.898 100.2800 38.7
1194.400 100.4300 37.5
1194.901 99.5800 44.6
1195.402 100.0000 40.8
1195.903 100.5700 36.0
1196.405 100.2800 38.5
1196.906 100.4300 37.3
1197.408 100.8600 33.7
1197.909 100.4300 37.5
1198.411 100.1400 39.9
1198.912 100.4300 37.5
1199.414 100.2800 38.7
1199.916 100.1400 39.9
1200.417 100.5700 36.2
1200.920 100.0000 41.2
1201.422 100.7100 35.2
1201.924 100.2800 39.0
1202.424 100.1400 40.4
1202.926 100.2800 39.2
1203.428 100.4300 38.2
1203.930 99.8600 43.1
1204.430 100.5700 37.2
1204.932 100.5700 37.4
1205.434 100.0000 42.5
1205.935 100.5700 37.8
1206.437 101.3000 32.0
1206.938 101.1500 33.8
1207.440 100.0000 43.8
1207.941 100.1400 42.7
1208.442 100.1400 42.8
1208.944 100.2800 41.7
1209.444 100.5700 39.5
1209.946 100.0000 44.6
1210.447 100.4300 41.1
1210.949 100.4300 41.4
1211.450 100.5700 40.5
1211.951 100.1400 44.4
1212.453 100.0000 45.7
1212.954 100.4300 42.3
1213.456 100.0000 46.2
1213.958 100.1400 45.2
1214.459 100.5700 41.8
1214.961 100.0000 47.0
1215.462 100.0000 47.2
1215.965 99.7200 49.8
1216.465 99.8600 48.7
1216.967 100.2800 45.4
1217.469 100.2800 45.7
1217.971 100.4300 44.9
1218.471 99.8600 50.1
1218.973 99.8600 50.3
1219.474 100.0000 49.4
1219.976 99.8600 50.8
1220.478 100.0000 49.9
1220.978 100.1400 49.1
1221.480 99.8600 51.8
1221.982 99.7200 53.3
1222.484 100.1400 50.0
1222.985 99.7200 54.0
1223.486 100.0000 51.9
1223.987 100.1400 51.1
1224.489 100.2800 50.4
1224.990 99.7200 55.6
1225.492 99.8600 54.7
1225.993 99.8600 55.1
1226.495 99.8600 55.5
1226.996 100.0000 54.7
1227.498 100.2800 52.7
1227.999 99.7200 58.0
1228.501 99.7200 58.3
1229.003 99.7200 58.7
1229.504 99.7200 59.0
1230.006 100.4300 53.5
1230.508 99.5800 61.2
1231.010 99.3000 63.9
1231.510 99.8600 59.5
1232.012 100.0000 58.8
1232.514 99.7200 61.7
1233.016 100.8600 52.6
1233.516 99.7200 62.9
1234.018 99.8600 62.2
1234.519 100.2800 59.1
1235.021 100.0000 62.1
1235.523 99.3000 68.4
1236.024 99.7200 65.2
1236.526 100.0000 63.3
1237.027 100.0000 63.9
1237.528 100.0000 64.4
1238.030 100.2800 62.6
1238.531 100.0000 65.6
1239.033 100.0000 66.2
1239.534 100.0000 66.7
1240.036 100.4300 63.7
1240.537 100.1400 66.8
1241.039 100.2800 66.2
1241.540 100.1400 68.0
1242.042 99.7200 72.1
1242.543 100.5700 65.5
1243.045 100.7100 65.0
1243.547 100.2800 69.4
1244.049 100.4300 68.8
1244.549 100.4300 69.5
1245.051 100.4300 70.1
1245.553 100.5700 69.6
1246.055 100.2800 72.7
1246.555 100.4300 72.0
1247.057 100.8600 69.1
1247.558 100.7100 71.1
1248.060 100.8600 70.6
1248.560 100.7100 72.5
1249.062 100.5700 74.4
1249.564 100.7100 73.8
1250.066 100.8600 73.3
1250.568 100.7100 75.3
1251.069 101.4400 69.8
1251.570 100.2800 80.4
1252.071 101.1500 73.7
1252.573 100.5700 79.3
1253.074 101.1500 75.1
1253.576 101.3000 74.6
1254.078 101.1500 76.7
1254.579 101.3000 76.2
1255.081 101.5900 74.5
1255.582 100.8600 81.5
1256.083 101.4400 77.3
1256.585 101.3000 79.3
1257.086 101.7500 76.3
1257.588 101.5900 78.5
1258.090 101.5900 79.3
1258.592 101.4400 81.3
1259.094 101.9000 78.2
1259.594 102.0500 77.9
1260.096 102.0500 78.8
1260.598 102.0500 79.7
1261.100 102.0500 80.5
1261.600 102.0500 81.4
1262.102 101.4400 87.3
1262.603 102.0500 82.8
1263.105 102.0500 83.6
1263.606 102.2000 83.2
1264.107 101.9000 86.5
1264.610 102.3500 83.5
1265.111 101.9000 88.1
1265.612 102.3500 85.0
1266.113 102.6500 83.3
1266.615 102.6500 84.3
1267.116 102.6500 85.2
1267.618 102.8100 84.8
1268.119 102.3500 89.5
1268.621 103.1200 83.9
1269.122 102.8100 87.5
1269.624 102.8100 88.3
1270.126 103.5800 82.7
1270.627 103.2700 86.4
1271.129 103.4300 86.0
1271.631 103.7400 84.4
1272.133 104.2200 81.5
1272.633 103.5800 88.0
1273.135 103.5800 88.9
1273.637 103.7400 88.4
1274.138 103.9000 88.0
1274.639 103.9000 89.0
1275.141 103.9000 89.9
1275.642 104.0600 89.5
1276.144 103.7400 93.1
1276.644 104.3800 88.6
1277.146 104.2200 90.9
1277.648 104.5400 89.2
1278.150 105.3600 83.3
1278.651 104.3800 92.8
1279.152 104.7000 91.0
1279.654 104.7000 91.9
1280.155 104.7000 92.9
1280.657 105.1900 89.7
1281.158 104.8700 93.5
1281.660 105.1900 91.7
1282.161 105.0300 94.0
1282.663 105.6900 89.4
1283.164 105.6900 90.5
1283.666 105.8600 90.2
1284.167 105.3600 95.5
1284.669 105.6900 93.6
1285.170 105.6900 94.6
1285.672 105.8600 94.2
1286.174 106.0300 93.7
1286.676 106.3700 91.9
1287.178 106.3700 93.0
1287.678 106.3700 94.1
1288.180 106.3700 95.1
1288.682 107.2300 88.9
1289.184 107.0600 91.6
1289.684 106.8900 94.2
1290.186 106.8900 95.3
1290.687 106.8900 96.3
1291.189 107.0600 95.8
1291.690 107.0600 96.8
1292.192 107.4100 94.8
1292.693 107.5900 94.5
1293.194 107.9400 92.6
1293.696 108.3000 90.8
1294.197 107.9400 95.0
1294.699 107.7600 97.6
1295.200 107.9400 97.1
1295.702 108.8500 90.5
1296.203 108.4800 94.8
1296.705 108.3000 97.5
1297.206 107.7600 100.0
1297.708 109.7800 86.6
1298.209 108.6700 97.4
1298.711 109.4000 92.3
1299.212 109.4000 93.5
1299.715 109.0300 97.8
1300.215 109.7800 92.5
1300.717 109.2200 98.5
1301.219 109.7800 94.8
1301.721 109.7800 95.9
1302.221 109.9700 95.4
1302.724 110.1600 94.9
1303.225 110.5400 92.9
1303.726 110.5400 94.1
1304.228 110.9300 92.0
1304.728 110.5400 96.6
1305.230 111.3300 91.1
1305.732 110.5400 98.9
1306.234 109.5900 100.0
1306.735 111.1300 95.3
1307.236 111.7200 91.5
1307.737 111.3300 96.2
1308.239 110.9300 100.0
1308.741 111.1300 99.6
1309.242 112.1300 92.3
1309.744 111.9200 95.2
1310.245 111.9200 96.4
1310.747 111.9200 97.5
1311.248 112.1300 96.9
1311.750 112.3300 96.3
1312.251 112.5300 95.7
1312.753 112.5300 96.8
1313.254 112.9400 94.5
1313.756 113.3600 92.2
1314.258 111.9200 100.0
1314.760 113.1500 95.8
1315.260 113.5700 93.4
1315.762 113.5700 94.7
1316.264 113.7800 94.1
1316.766 114.0000 93.5
1317.266 115.3000 83.8
1317.768 113.7800 98.2
1318.269 114.0000 97.4
1318.771 114.2100 96.6
1319.273 114.8600 92.2
1319.774 114.4300 97.1
1320.276 113.7800 100.0
1320.777 115.0800 93.3
1321.278 115.0800 94.5
1321.779 115.0800 95.7
1322.281 115.0800 96.8
1322.783 116.2000 88.5
1323.284 115.3000 97.4
1323.786 115.0800 100.0
1324.287 116.6600 87.8
1324.788 116.2000 93.1
1325.290 117.1300 86.6
1325.791 116.2000 95.7
1326.293 115.7500 100.0
1326.794 116.2000 97.5
1327.297 116.4300 96.5
1327.797 116.8900 93.7
1328.299 117.1300 92.9
1328.801 117.1300 94.1
1329.303 117.1300 95.2
1329.803 116.4300 100.0
1330.305 117.6000 93.0
1330.806 118.0800 90.1
1331.308 117.8400 93.3
1331.809 118.0800 92.3
1332.310 118.5600 89.3
1332.812 118.5600 90.5
1333.312 118.5600 91.7
1333.814 119.3000 86.5
1334.316 119.5500 85.8
1334.818 119.0500 91.2
1335.319 119.0500 92.2
1335.820 118.8100 95.3
1336.322 119.3000 91.9
1336.823 119.3000 92.9
1337.325 119.5500 91.7
1337.826 118.8100 98.9
1338.328 119.5500 93.3
1338.829 119.3000 96.3
1339.331 120.3100 88.6
1339.832 119.8000 94.0
1340.334 119.8000 94.8
1340.835 119.5500 97.7
1341.336 120.0600 94.2
1341.838 120.5700 90.7
1342.340 120.8300 89.6
1342.842 120.5700 92.8
1343.344 121.0900 89.4
1343.844 121.0900 90.4
1344.346 121.6200 87.0
1344.848 121.3500 90.4
1345.350 121.6200 89.1
1345.850 121.6200 90.2
1346.352 121.3500 93.4
1346.854 121.6200 92.0
1347.355 121.8800 90.6
1347.857 121.6200 93.8
1348.357 122.9700 83.2
1348.860 123.5300 79.9
1349.361 122.9700 86.0
1349.862 122.4300 91.7
1350.363 123.5300 83.2
1350.865 122.9700 89.1
1351.366 123.5300 85.4
1351.868 123.2500 88.8
1352.370 123.2500 89.8
1352.871 123.5300 88.3
1353.373 123.2500 91.6
1353.874 123.5300 90.0
1354.376 123.2500 93.2
1354.877 123.2500 93.9
1355.379 124.3900 85.1
1355.881 124.1000 88.6
1356.383 124.6700 84.7
1356.883 124.6700 85.8
1357.385 124.9700 84.5
1357.887 125.5600 80.6
1358.388 124.6700 89.3
1358.889 125.5600 82.7
1359.391 125.2600 86.4
1359.892 125.8600 82.3
1360.394 127.7000 68.1
1360.894 125.5600 87.8
1361.396 125.2600 91.1
1361.898 125.8600 86.8
1362.400 125.8600 87.7
1362.902 126.1600 86.0
1363.402 126.4600 84.4
1363.903 126.4600 85.3
1364.405 126.7700 83.7
1364.906 127.0800 82.2
1365.408 126.4600 88.4
1365.909 127.0800 84.0
1366.411 127.7000 79.7
1366.912 127.7000 80.9
1367.414 128.9900 71.3
1367.915 128.3400 78.2
1368.417 128.0200 82.1
1368.918 127.0800 91.0
1369.420 127.3900 88.9
1369.922 130.3300 65.0
1370.424 128.6600 80.7
1370.924 128.3400 84.4
1371.426 128.3400 85.3
1371.928 127.7000 91.4
1372.430 128.6600 83.8
1372.930 128.9900 82.0
1373.432 128.6600 85.7
1373.934 128.3400 89.2
1374.434 128.6600 87.1
1374.936 128.6600 87.8
1375.437 130.3300 74.6
1375.939 128.9900 87.1
1376.440 129.9900 79.5
1376.942 129.3200 86.1
1377.443 127.0800 100.0
1377.944 129.3200 86.7
1378.445 130.3300 79.0
1378.947 130.6700 77.3
1379.448 129.9900 84.3
1379.950 129.6500 87.9
1380.451 130.6700 80.1
1380.953 129.9900 86.9
1381.454 130.3300 84.8
1381.956 132.0700 71.1
1382.458 130.3300 87.1
1382.959 131.7100 76.2
1383.461 131.3600 80.4
1383.962 128.9900 100.0
1384.465 131.0100 84.3
1384.965 131.7100 79.3
1385.467 131.7100 80.4
1385.969 131.3600 84.4
1386.471 131.7100 82.2
1386.971 131.7100 83.2
1387.473 132.0700 81.1
1387.974 131.7100 85.0
1388.476 132.0700 82.8
1388.976 131.3600 89.6
1389.478 131.7100 87.2
1389.980 130.3300 99.5
1390.482 132.4300 82.0
1390.982 132.0700 86.0
1391.485 133.1500 77.7
1391.986 132.4300 85.0
1392.486 132.4300 85.8
1392.988 132.7900 83.6
1393.489 132.0700 90.5
1393.991 133.5200 78.9
1394.492 132.0700 92.2
1394.994 133.9000 77.3
1395.495 134.2700 75.4
1395.997 133.1500 86.0
1396.498 132.7900 89.8
1397.000 133.9000 81.2
1397.501 134.2700 79.0
1398.003 133.1500 89.5
1398.506 132.7900 93.1
1399.006 133.1500 90.4
1399.508 133.5200 87.9
1400.010 133.5200 88.6
1400.512 133.9000 86.1
1401.012 133.9000 86.9
1401.514 134.2700 84.4
1402.016 133.9000 88.3
1402.518 134.6600 82.6
1403.018 135.4300 76.9
1403.520 134.2700 87.7
1404.021 134.6600 85.0
1404.523 134.2700 88.8
1405.024 134.6600 86.1
1405.526 135.0400 83.5
1406.027 135.4300 80.9
1406.528 134.6600 88.2
1407.030 134.6600 88.6
1407.531 135.4300 82.5
1408.033 134.6600 89.7
1408.534 135.4300 83.6
1409.036 137.0300 70.8
1409.537 135.4300 85.4
1410.039 135.4300 85.9
1410.540 136.2200 79.8
1411.042 135.4300 87.1
1411.543 135.0400 90.7
1412.045 137.4400 70.8
1412.547 135.8200 85.5
1413.047 136.2200 82.6
1413.549 135.8200 86.4
1414.051 136.6200 80.0
1414.553 136.6200 80.7
1415.053 136.2200 84.6
1415.555 136.6200 81.6
1416.056 136.6200 82.2
1416.558 135.8200 89.3
1417.060 136.6200 82.7
1417.560 136.2200 86.5
1418.062 136.2200 86.7
1418.564 137.8600 73.3
1419.064 137.8600 74.2
1419.567 136.6200 85.2
1420.068 136.6200 85.5
1420.569 137.0300 82.3
1421.070 136.6200 86.1
1421.572 137.4400 79.4
1422.073 137.0300 83.4
1422.574 137.0300 83.7
1423.076 135.8200 94.0
1423.577 137.4400 80.2
1424.079 137.8600 77.2
1424.580 137.4400 81.3
1425.082 138.7000 71.1
1425.583 137.8600 79.0
1426.085 137.8600 79.4
1426.586 137.4400 83.3
1427.086 137.8600 80.0
1427.590 138.7000 73.3
1428.090 139.1300 70.4
1428.592 138.2800 78.3
1429.094 137.4400 85.6
1429.596 139.1300 71.5
1430.096 138.2800 79.3
1430.598 140.0100 65.2
1431.100 138.2800 80.5
1431.602 139.1300 73.5
1432.102 138.2800 81.2
1432.604 139.5700 70.5
1433.106 138.7000 78.3
1433.607 139.5700 71.3
1434.109 138.7000 79.1
1434.610 139.1300 75.7
1435.111 139.5700 72.3
1435.612 139.5700 72.8
1436.113 139.5700 73.2
1436.615 138.7000 80.8
1437.117 140.4500 66.2
1437.618 140.4500 66.8
1438.120 140.0100 71.1
1438.621 140.0100 71.5
1439.123 139.1300 79.1
1439.624 139.1300 79.1
1440.126 140.4500 68.1
1440.627 140.9000 64.8
1441.129 139.5700 76.5
1441.631 140.9000 65.4
1442.133 139.1300 80.8
1442.633 142.2900 54.2
1443.135 140.0100 74.3
1443.637 140.4500 70.6
1444.138 140.9000 67.1
1444.640 140.9000 67.5
1445.141 140.0100 75.3
1445.643 139.5700 78.9
1446.144 140.0100 75.1
1446.646 140.4500 71.3
1447.146 139.1300 82.5
1447.648 140.9000 67.4
1448.150 140.9000 67.8
1448.652 142.7700 52.5
1449.152 140.4500 72.8
1449.654 141.3600 65.2
1450.155 140.9000 69.3
1450.657 140.4500 73.2
1451.158 140.4500 73.2
1451.660 139.5700 80.6
1452.161 139.5700 80.2
1452.662 140.4500 72.5
1453.164 141.3600 65.0
1453.665 141.3600 65.3
1454.167 141.3600 65.7
1454.668 142.2900 58.2
1455.170 142.2900 58.8
1455.672 141.8200 63.2
1456.174 142.2900 59.6
1456.674 140.4500 75.3
1457.176 141.8200 63.6
1457.678 141.8200 63.9
1458.178 143.7300 48.2
1458.680 141.3600 68.8
1459.182 141.3600 68.7
1459.684 141.8200 64.8
1460.184 142.2900 61.0
1460.686 141.3600 69.0
1461.187 141.3600 68.9
1461.689 141.3600 68.8
1462.190 140.4500 76.3
1462.692 140.9000 72.1
1463.193 141.3600 68.1
1463.694 142.2900 60.3
1464.195 140.9000 72.2
1464.697 141.8200 64.3
1465.198 143.2400 52.5
1465.700 141.8200 65.0
1466.202 141.3600 68.9
1466.703 143.2400 53.0
1467.205 142.2900 61.5
1467.706 142.7700 57.7
1468.208 141.3600 69.7
1468.709 141.3600 69.5
1469.211 141.3600 69.2
1469.712 141.8200 65.2
1470.215 143.2400 53.3
1470.715 142.2900 61.7
1471.217 141.3600 69.5
1471.719 142.2900 61.5
1472.219 142.7700 57.6
1472.721 140.9000 73.4
1473.222 142.7700 57.4
1473.724 142.7700 57.7
1474.225 142.2900 61.9
1474.726 140.9000 73.5
1475.228 143.7300 49.4
1475.730 142.7700 58.0
1476.230 143.2400 54.2
1476.732 141.8200 66.3
1477.234 142.2900 62.2
1477.735 143.2400 54.2
1478.236 141.8200 66.3
1478.737 141.8200 66.1
1479.239 142.7700 58.0
1479.740 142.2900 62.0
1480.241 142.2900 62.0
1480.743 141.3600 69.7
1481.244 140.4500 76.8
1481.746 142.7700 56.9
1482.248 142.2900 61.0
1482.749 143.2400 53.0
1483.251 142.2900 61.4
1483.752 142.7700 57.4
1484.254 141.3600 69.2
1484.756 141.8200 64.9
1485.258 141.8200 64.7
1485.758 141.3600 68.4
1486.260 142.7700 56.4
1486.762 140.9000 72.1
1487.264 143.2400 52.0
1487.764 142.7700 56.4
1488.266 142.2900 60.6
1488.768 141.3600 68.3
1489.269 141.8200 64.1
1489.771 142.2900 60.0
1490.272 141.8200 63.9
1490.774 143.2400 51.9
1491.275 142.2900 60.2
1491.777 142.2900 60.2
1492.277 142.2900 60.1
1492.779 140.9000 71.7
1493.280 142.2900 59.6
1493.782 144.2200 43.5
1494.283 143.7300 48.3
1494.785 142.7700 56.8
1495.286 142.7700 56.8
1495.788 141.3600 68.5
1496.289 142.2900 60.3
1496.791 141.8200 64.1
1497.293 140.4500 75.2
1497.794 142.2900 59.2
1498.297 141.3600 66.9
1498.797 141.8200 62.7
1499.299 143.2400 50.7
1499.801 141.8200 62.9
1500.303 141.8200 62.7
1500.803 141.3600 66.4
1501.305 141.8200 62.2
1501.806 141.8200 62.1
1502.308 140.9000 69.6
1502.809 140.4500 73.0
1503.310 141.8200 61.0
1503.812 142.2900 57.0
1504.314 141.3600 64.9
1504.814 142.7700 53.0
1505.317 140.4500 72.6
1505.818 141.3600 64.5
1506.319 140.4500 71.9
1506.820 143.2400 48.1
1507.322 142.2900 56.6
1507.823 138.2800 90.3
1508.325 140.9000 67.0
1508.826 142.7700 51.2
1509.327 140.9000 67.2
1509.829 142.2900 55.4
1510.330 142.2900 55.6
1510.832 140.4500 71.2
1511.333 142.7700 51.5
1511.835 141.3600 63.6
1512.336 141.3600 63.4
1512.836 141.3600 63.3
1513.340 141.3600 63.2
1513.840 140.9000 66.9
1514.342 141.3600 62.8
1514.844 141.8200 58.9
1515.346 140.9000 66.6
1515.848 141.3600 62.5
1516.348 141.8200 58.6
1516.850 140.4500 70.2
1517.352 139.5700 77.1
1517.852 140.9000 65.3
1518.354 141.3600 61.3
1518.856 140.4500 69.0
1519.357 141.8200 57.2
1519.859 141.3600 61.3
1520.360 141.3600 61.3
1520.861 141.3600 61.4
1521.362 140.4500 69.0
1521.863 140.4500 68.6
1522.365 140.0100 72.1
1522.866 141.3600 60.4
1523.368 139.1300 79.1
1523.869 138.7000 82.0
1524.370 140.0100 70.3
1524.872 139.5700 73.7
1525.373 141.3600 58.4
1525.875 141.3600 58.7
1526.376 140.4500 66.6
1526.878 141.8200 55.0
1527.381 140.9000 63.1
1527.881 141.8200 55.5
1528.383 140.4500 67.3
1528.885 141.8200 55.7
1529.387 140.0100 71.2
1529.887 137.8600 88.8
1530.389 140.9000 62.3
1530.891 141.3600 58.6
1531.392 140.4500 66.4
1531.894 140.9000 62.6
1532.394 139.5700 73.8
1532.896 139.5700 73.4
1533.398 141.3600 58.0
1533.900 139.5700 73.3
1534.401 140.4500 65.6
1534.902 141.3600 58.0
1535.403 138.2800 84.1
1535.905 140.0100 68.8
1536.406 140.0100 68.7
1536.908 140.4500 64.8
1537.409 140.4500 64.9
1537.911 140.0100 68.7
1538.412 140.9000 61.1
1538.914 140.4500 65.1
1539.415 141.3600 57.5
1539.917 140.4500 65.5
1540.418 141.8200 54.0
1540.920 140.4500 65.9
1541.422 140.9000 62.1
1541.924 142.2900 50.6
1542.424 140.0100 70.3
1542.926 138.2800 84.5
1543.428 139.5700 72.8
1543.930 139.5700 72.5
1544.430 139.5700 72.2
1544.932 140.0100 68.2
1545.434 141.3600 56.8
1545.934 140.9000 61.1
1546.436 140.9000 61.3
1546.937 138.7000 79.8
1547.439 140.0100 68.3
1547.941 141.8200 53.1
1548.442 140.4500 65.1
1548.944 140.9000 61.3
1549.444 140.4500 65.2
1549.946 140.0100 69.0
1550.447 141.8200 53.6
1550.949 140.0100 69.3
1551.450 140.0100 69.1
1551.952 139.1300 76.2
1552.453 140.0100 68.4
1552.955 140.0100 68.3
1553.456 139.1300 75.5
1553.958 138.7000 78.7
1554.459 140.0100 67.2
1554.961 139.5700 70.9
1555.462 139.1300 74.4
1555.965 141.8200 51.6
1556.465 139.1300 74.8
1556.967 140.4500 63.5
1557.469 139.5700 71.0
1557.971 140.4500 63.5
1558.472 138.2800 81.8
1558.973 140.4500 63.0
1559.475 140.0100 67.0
1559.976 140.4500 63.3
1560.478 138.7000 78.1
1560.978 140.9000 59.2
1561.480 141.8200 52.0
1561.982 139.1300 75.1
1562.484 140.9000 59.9
1562.985 139.1300 75.0
1563.486 139.5700 71.0
1563.988 140.9000 59.7
1564.489 139.5700 71.2
1564.991 137.4400 88.8
1565.492 139.5700 70.1
1565.994 140.9000 58.9
1566.495 140.9000 59.3
1566.997 140.0100 67.2
1567.498 140.4500 63.5
1568.000 139.1300 74.7
1568.501 140.9000 59.5
1569.003 139.5700 71.1
1569.504 140.9000 59.7
1570.006 140.0100 67.5
1570.508 140.9000 60.0
1571.010 139.1300 75.1
1571.510 140.0100 67.5
1572.012 140.4500 63.7
1572.514 139.5700 71.3
1573.016 140.0100 67.4
1573.518 140.4500 63.7
1574.018 139.5700 71.2
1574.520 140.4500 63.6
1575.021 140.4500 63.8
1575.523 140.0100 67.6
1576.024 140.4500 63.9
1576.526 141.8200 52.6
1577.027 140.4500 64.6
1577.528 138.7000 79.3
1578.030 138.7000 78.7
1578.531 140.4500 63.5
1579.033 141.8200 52.3
1579.534 140.0100 68.1
1580.036 141.3600 56.7
1580.538 140.4500 64.7
1581.039 140.9000 60.9
1581.541 140.0100 68.6
1582.042 140.4500 64.7
1582.543 140.4500 64.8
1583.045 140.4500 64.8
1583.547 140.4500 64.8
1584.049 140.0100 68.5
1584.549 140.4500 64.7
1585.051 140.9000 60.9
1585.553 141.3600 57.3
