# time_s  celsius  duty_pct
1.503 30.5700 4.1
2.004 30.5500 5.7
2.504 30.5200 7.2
3.005 30.5700 7.7
3.506 30.5500 9.0
4.006 30.5700 9.7
4.507 31.1300 3.1
5.008 30.5700 11.9
5.509 30.5700 12.8
6.010 30.6200 13.0
6.511 30.5900 14.1
7.011 30.6400 14.3
7.512 30.6200 15.4
8.013 30.6400 15.9
8.514 30.5700 17.6
9.015 30.6600 17.0
9.515 30.7500 16.5
10.016 30.6400 18.9
10.517 30.8700 16.4
11.018 30.5000 22.2
11.519 30.6600 20.7
12.019 30.6800 21.0
12.520 30.7100 21.4
13.021 30.7100 22.1
13.522 30.7300 22.4
14.023 30.7500 22.8
14.523 30.6400 25.1
15.024 30.7300 24.5
15.525 30.6200 26.7
16.026 30.8000 24.8
16.527 30.8000 25.5
17.028 30.8300 25.9
17.528 30.9000 25.6
18.029 30.9400 25.7
18.530 31.0300 25.2
19.031 30.9000 27.9
19.532 30.9400 28.0
20.032 30.9600 28.4
20.533 31.0100 28.5
21.034 30.9900 29.6
21.535 31.0800 29.1
22.035 31.0800 29.8
22.536 31.1000 30.3
23.037 31.1500 30.4
23.538 31.3400 28.7
24.039 31.2200 31.1
24.540 31.4300 29.1
25.040 31.3100 31.6
25.541 31.4300 30.8
26.042 31.4100 32.0
26.543 31.5700 30.6
27.043 31.5500 31.8
27.544 31.2700 36.5
28.045 31.7400 30.9
28.545 31.6900 32.5
29.046 31.8100 31.9
29.546 31.8500 32.2
30.047 31.9500 31.9
30.548 31.9700 32.6
31.049 32.0200 32.9
31.549 32.0400 33.6
32.050 32.0200 34.9
32.551 32.1800 33.6
33.052 32.2800 33.4
33.553 32.3300 33.8
34.054 32.3700 34.2
34.554 32.4900 33.6
35.055 32.5400 34.0
35.556 32.5900 34.5
36.057 32.7000 34.0
36.557 32.8000 33.8
37.058 32.8500 34.3
37.559 32.8700 35.1
38.060 32.9900 34.6
38.561 33.0400 35.1
39.061 33.1600 34.6
39.562 33.2300 34.8
40.063 33.2500 35.7
40.564 33.3000 36.2
41.065 33.4700 35.1
41.566 33.5200 35.6
42.066 33.6400 35.2
42.567 33.7100 35.5
43.068 33.8500 34.7
43.569 33.8800 35.7
44.070 34.0500 34.6
44.570 34.1000 35.3
45.071 34.0200 37.5
45.572 34.2900 35.1
46.073 34.3400 35.8
46.574 34.4400 35.8
47.075 34.5600 35.4
47.575 34.5800 36.4
48.076 34.7500 35.4
48.577 34.8300 35.7
49.078 34.9000 36.1
49.578 35.0000 36.1
50.079 35.1200 35.8
50.580 35.1700 36.5
51.081 35.1500 38.2
51.582 35.3500 36.8
52.083 35.4400 36.8
52.583 35.5400 36.9
53.084 35.6200 37.2
53.585 35.7200 37.2
54.086 35.7200 38.6
54.587 35.8900 37.6
55.087 35.9700 38.0
55.587 36.1200 37.3
56.088 36.3200 36.0
56.589 36.3200 37.5
57.090 36.4400 37.2
57.591 36.5400 37.2
58.091 36.5900 38.0
58.592 36.7200 37.7
59.093 36.7900 38.1
59.594 37.2800 33.0
60.095 37.0800 37.4
60.595 36.9000 41.3
61.096 37.3000 37.0
61.597 37.2500 39.2
62.098 37.4800 37.5
62.599 37.5900 37.6
63.099 37.7400 37.0
63.600 37.7900 37.8
64.101 37.8900 37.9
64.602 37.9500 38.7
65.103 38.0700 38.4
65.603 38.2600 37.5
66.104 38.4400 36.5
66.605 38.3600 39.1
67.106 38.5400 38.1
67.607 38.6700 37.9
68.107 38.7500 38.3
68.608 38.7000 40.6
69.109 38.9100 39.1
69.610 39.0400 38.9
70.111 39.2200 37.9
70.612 39.1700 40.1
71.112 39.3300 39.5
71.613 39.4100 39.9
72.114 39.5100 39.9
72.615 39.6500 39.6
73.115 39.7500 39.7
73.616 39.8900 39.4
74.117 39.9700 39.8
74.618 40.0800 39.9
75.119 40.2100 39.6
75.619 40.2400 40.8
76.120 40.4200 39.7
76.621 40.5600 39.4
77.122 40.7000 39.1
77.622 40.7800 39.6
78.123 40.8900 39.6
78.624 40.5900 45.2
79.125 41.0200 40.7
79.626 41.2100 39.6
80.126 41.3000 40.1
80.627 41.4600 39.4
81.128 41.4600 41.0
81.629 41.6300 40.2
82.129 41.7100 40.7
82.630 41.8200 40.7
83.130 41.9900 40.0
83.631 41.9900 41.6
84.132 42.0700 42.0
84.633 42.1500 42.4
85.133 42.3800 40.8
85.634 42.4600 41.2
86.135 42.6000 40.9
86.636 42.6900 41.3
87.137 42.8000 41.3
87.637 43.0000 40.2
88.138 43.0300 41.4
88.639 43.1400 41.4
89.140 43.2500 41.4
89.641 43.4000 41.0
90.141 43.4500 41.8
90.642 43.6000 41.4
91.143 43.6800 41.8
91.644 43.8900 40.6
92.145 44.1200 39.0
92.646 44.0600 41.5
93.146 44.1800 41.5
93.647 44.2700 41.9
94.148 44.4400 41.1
94.649 44.6500 39.9
95.150 44.5600 42.7
95.650 44.7300 41.8
96.151 44.9100 41.0
96.652 45.0300 41.0
97.153 45.0900 41.8
97.654 45.2700 40.9
98.155 45.3600 41.3
98.655 45.6000 39.7
99.156 45.5400 42.1
99.657 45.6900 41.7
100.158 45.8700 40.8
100.659 45.8400 42.8
101.160 46.0800 41.1
101.660 46.0800 42.7
102.161 46.0500 44.6
102.662 46.3200 42.4
103.163 46.5700 40.7
103.664 46.5100 43.1
104.165 46.6300 43.0
104.665 46.6900 43.7
105.166 46.8100 43.6
105.667 46.8400 44.7
106.168 47.0900 42.8
106.669 47.1200 44.0
107.169 47.2800 43.4
107.670 47.4000 43.2
108.170 47.4300 44.4
108.671 47.5600 44.2
109.172 47.8400 41.9
109.673 47.9100 42.6
110.173 48.0600 42.1
110.674 48.1300 42.8
111.175 48.2200 43.1
111.676 48.3200 43.4
112.177 48.3800 44.1
112.678 48.5700 43.0
113.178 48.6700 43.3
113.679 48.8000 43.1
114.180 48.9600 42.5
114.681 48.9600 44.1
115.182 49.1200 43.4
115.683 49.2200 43.7
116.183 49.3500 43.4
116.684 49.4500 43.7
117.185 49.6500 42.6
117.686 49.7800 42.4
118.187 49.9100 42.2
118.687 49.9800 42.9
119.188 49.9800 44.5
119.689 50.2100 42.9
120.190 50.1400 45.4
120.691 50.5100 41.9
121.192 50.5800 42.6
121.692 50.5800 44.2
122.193 50.6800 44.4
122.694 50.8500 43.6
123.195 50.9500 43.8
123.696 51.0200 44.5
124.196 51.1200 44.6
124.697 51.1900 45.2
125.198 51.4000 44.0
125.699 51.3300 46.5
126.200 51.6700 43.2
126.701 51.7400 43.9
127.201 51.7800 45.0
127.702 52.0200 43.2
128.203 52.2300 42.0
128.704 52.1600 44.5
129.205 52.2300 45.1
129.705 52.3700 44.8
130.206 52.6200 42.9
130.707 52.5800 45.0
131.208 52.6600 45.6
131.709 52.8300 44.7
132.210 52.9400 44.8
132.710 53.0500 44.9
133.211 53.1200 45.5
133.712 52.8700 50.4
134.212 53.3000 45.9
134.713 53.4100 45.9
135.213 53.5500 45.5
135.715 53.5900 46.5
136.216 53.7000 46.5
136.717 53.7700 47.0
137.217 53.9500 46.0
137.718 54.0300 46.6
138.219 54.1000 47.1
138.720 54.2100 47.1
139.220 54.2500 48.1
139.721 54.3600 48.0
140.222 54.4300 48.5
140.723 54.4300 49.9
141.224 54.5400 49.8
141.725 54.6200 50.2
142.225 54.8000 49.1
142.726 54.8800 49.5
143.227 54.9500 49.9
143.728 55.0700 49.8
144.229 55.1100 50.7
144.729 55.2200 50.6
145.230 55.3700 49.9
145.731 55.3700 51.4
146.232 55.4800 51.2
146.733 55.7500 49.0
147.233 55.6400 52.0
147.734 55.8700 50.3
148.235 55.9100 51.2
148.736 56.0200 51.1
149.237 56.1800 50.4
149.737 56.2200 51.3
150.238 56.2900 51.7
150.739 56.4500 51.0
151.240 56.4900 51.9
151.741 56.6500 51.2
152.241 56.6900 52.1
152.742 56.8400 51.4
153.243 57.0800 49.6
153.744 57.1200 50.6
154.245 57.2000 51.0
154.746 57.2800 51.4
155.246 57.2000 54.0
155.747 57.5600 50.4
156.248 57.7200 49.8
156.749 57.8800 49.1
157.249 58.0900 47.9
157.750 58.0100 50.6
158.251 58.2500 48.8
158.752 58.3300 49.2
159.253 58.5000 48.5
159.754 58.5800 49.0
160.254 58.6600 49.5
160.754 58.7900 49.3
161.255 58.9100 49.2
161.756 59.0800 48.5
162.257 58.9600 51.7
162.757 59.1200 50.9
163.258 59.4200 48.4
163.759 59.3800 50.6
164.260 59.5000 50.4
164.761 59.7200 49.0
165.261 59.8900 48.2
165.762 59.8900 49.9
166.263 59.8900 51.4
166.764 60.0600 50.5
167.264 60.3200 48.5
167.765 60.3200 50.1
168.266 60.4900 49.3
168.767 60.4900 50.9
169.268 60.8900 47.0
169.769 60.7100 51.0
170.269 60.8000 51.4
170.770 60.9800 50.4
171.271 60.7500 55.0
171.772 61.2000 50.3
172.273 61.2400 51.2
172.773 61.4200 50.3
173.274 61.6400 48.8
173.775 61.8200 48.0
174.276 61.7800 50.2
174.777 61.8200 51.1
175.277 62.0100 50.2
175.778 62.1500 49.8
176.279 62.1000 52.0
176.780 62.2400 51.6
177.281 62.4200 50.6
177.781 62.3300 53.4
178.282 62.5100 52.3
178.783 62.6100 52.5
179.284 62.7900 51.5
179.785 62.7900 53.0
180.286 62.8400 53.8
180.786 62.9800 53.3
181.287 63.0200 54.1
181.788 63.0700 54.9
182.289 63.2100 54.4
182.790 63.3100 54.5
183.290 63.4000 54.7
183.791 63.6400 52.9
184.292 63.5400 55.6
184.793 63.7800 53.8
185.293 63.7300 55.9
185.794 63.8300 56.0
186.295 63.8800 56.7
186.795 64.0200 56.1
187.296 64.1200 56.2
187.796 64.1700 56.9
188.297 64.2100 57.6
188.798 64.6500 53.0
189.299 64.4600 57.2
189.800 64.5000 57.9
190.301 64.6500 57.3
190.801 64.7000 58.0
191.302 64.7500 58.7
191.803 64.9000 58.0
192.304 65.1500 56.0
192.805 65.0000 59.5
193.305 65.2400 57.5
193.806 65.2900 58.2
194.307 65.3400 58.9
194.808 65.5400 57.5
195.309 66.0000 52.8
195.810 65.8000 57.1
196.310 65.9500 56.5
196.811 66.1000 55.9
197.312 66.1500 56.7
197.813 66.0500 59.5
198.313 66.5100 54.6
198.814 66.5600 55.5
199.315 66.7700 54.2
199.816 67.0300 52.2
200.317 66.9800 54.5
200.818 66.8200 58.2
201.318 67.1400 55.3
201.819 67.3500 54.0
202.320 67.4000 54.8
202.821 67.5100 54.9
203.322 67.3500 58.6
203.822 67.6200 56.4
204.323 67.7800 55.7
204.824 67.8800 55.8
205.325 67.8800 57.3
205.826 67.9400 58.0
206.326 68.1000 57.3
206.827 68.2100 57.2
207.328 68.4300 55.8
207.829 68.3200 58.8
208.330 68.5300 57.2
208.830 68.5900 57.9
209.331 68.7000 57.9
209.832 68.7000 59.4
210.333 68.8100 59.3
210.834 68.9800 58.4
211.334 69.0900 58.4
211.835 69.2000 58.3
212.336 69.3700 57.5
212.837 69.4200 58.2
213.337 69.5900 57.4
213.838 69.7100 57.3
214.338 69.7600 58.1
214.839 69.7600 59.5
215.340 70.1000 56.3
215.841 70.1600 57.1
216.341 70.2800 57.0
216.842 70.3300 57.8
217.343 70.3900 58.5
217.844 70.5100 58.4
218.345 70.6800 57.5
218.845 70.7400 58.2
219.346 70.8000 58.9
219.847 70.9800 57.9
220.348 71.4500 53.0
220.848 71.2700 57.1
221.349 71.1500 60.2
221.850 71.6300 55.2
222.351 71.4500 59.2
222.852 71.3300 62.3
223.352 71.3900 62.8
223.853 71.7500 59.2
224.354 71.8100 59.9
224.855 71.8100 61.3
225.356 71.8700 61.9
225.857 71.9300 62.5
226.357 72.1700 60.5
226.858 71.6900 68.5
227.359 72.3000 61.4
227.860 72.3600 62.0
228.360 72.4800 61.8
228.861 72.6700 60.6
229.362 72.7300 61.3
229.863 72.8500 61.0
230.364 72.7900 63.3
230.865 73.0400 61.2
231.366 73.2300 60.0
231.867 73.1600 62.3
232.368 73.4200 60.2
232.868 73.5400 59.9
233.369 73.6700 59.5
233.870 73.7300 60.1
234.371 73.7300 61.5
234.872 73.7300 62.9
235.373 73.8600 62.4
235.873 74.1800 59.4
236.374 74.2500 59.9
236.875 74.3800 59.6
237.376 74.3800 61.0
237.876 74.6400 58.8
238.377 74.5100 62.0
238.878 74.5700 62.5
239.379 74.7700 61.1
239.879 74.7100 63.4
240.379 74.8400 62.8
240.880 74.7700 65.0
241.381 74.9700 63.5
241.882 75.2400 61.2
242.383 75.1700 63.5
242.884 75.3000 62.9
243.384 75.5700 60.5
243.885 75.3700 64.7
244.386 75.6400 62.2
244.887 75.4400 66.3
245.388 75.7100 63.8
245.888 75.9100 62.3
246.389 75.7700 65.5
246.890 76.1200 62.0
247.391 75.9800 65.2
247.892 76.1200 64.6
248.392 76.3200 63.0
248.893 76.2500 65.3
249.394 76.5300 62.7
249.895 76.4700 64.9
250.396 76.7400 62.4
250.896 76.8800 61.8
251.397 77.0200 61.3
251.898 77.8800 51.0
252.399 77.2400 61.6
252.900 77.3800 61.0
253.400 77.8100 56.6
253.901 77.6600 60.1
254.402 77.8800 58.6
254.903 77.9500 59.1
255.404 77.8800 61.6
255.904 78.3900 56.0
256.405 78.5400 55.6
256.906 78.8300 53.2
257.407 78.7600 55.9
257.908 78.8300 56.5
258.408 79.2100 53.0
258.909 79.2100 54.7
259.410 79.2800 55.3
259.911 79.5900 52.8
260.412 79.7400 52.4
260.912 79.5900 56.1
261.413 79.9700 52.5
261.914 80.0500 53.1
262.415 80.2000 52.7
262.915 80.2800 53.3
263.416 80.4300 52.8
263.917 80.5100 53.4
264.418 80.7500 51.9
264.919 80.6700 54.6
265.419 80.9100 53.0
265.920 80.9100 54.6
266.420 80.9900 55.0
266.921 81.0700 55.5
267.422 81.1500 55.9
267.922 81.2300 56.3
268.423 81.3900 55.6
268.924 81.7100 52.7
269.425 81.5500 56.5
269.926 81.5500 58.0
270.426 81.7100 57.1
270.928 81.9500 55.2
271.428 81.9500 56.8
271.929 82.0300 57.1
272.430 82.4500 52.9
272.931 82.4500 54.5
273.432 82.4500 56.0
273.933 83.4600 43.7
274.433 82.7000 56.0
274.934 82.8600 55.2
275.435 83.0300 54.4
275.936 83.2000 53.6
276.437 83.2900 54.0
276.937 83.5400 52.0
277.438 83.5400 53.6
277.939 83.3700 57.5
278.440 83.3700 58.8
278.941 83.7200 55.4
279.442 83.7200 56.9
279.942 83.8900 55.9
280.443 83.8000 58.5
280.944 84.0600 56.3
281.445 83.9800 58.9
281.946 84.2400 56.6
282.446 84.2400 58.0
282.947 84.5000 55.7
283.448 84.4100 58.4
283.949 84.3300 60.9
284.449 84.0600 65.6
284.950 84.5900 59.5
285.451 84.5000 62.0
285.952 84.6800 60.7
286.452 84.6800 62.0
286.953 84.7700 61.9
287.454 85.5800 52.1
287.955 84.7700 64.7
288.456 85.3100 58.5
288.957 85.1300 62.2
289.457 85.1300 63.4
289.958 85.4000 60.9
290.459 85.4000 62.1
290.960 85.7600 58.3
291.461 85.8500 58.4
291.961 85.7600 61.0
292.462 86.1300 57.3
292.962 86.2200 57.4
293.463 86.1300 60.1
293.964 86.3200 58.8
294.465 86.4100 58.9
294.965 86.2200 62.7
295.466 86.5000 60.1
295.967 86.5000 61.4
296.468 86.6000 61.3
296.969 87.0700 56.1
297.469 86.6000 64.0
297.970 86.9800 59.3
298.471 87.0700 57.8
298.972 87.0700 57.7
299.472 87.1700 56.4
299.973 87.5500 51.2
300.474 87.1700 56.7
300.975 88.1400 43.6
301.476 87.4600 53.5
301.977 87.6500 51.2
302.477 87.6500 51.5
302.978 87.5500 53.2
303.479 87.8500 49.6
303.980 87.8500 50.0
304.481 87.5500 54.4
304.981 88.1400 46.7
305.482 88.5400 41.9
305.983 88.9400 37.2
306.484 88.4400 44.9
306.985 88.2400 48.2
307.486 88.0400 51.4
307.986 88.3400 47.7
308.487 88.4400 46.9
308.988 88.6400 44.7
309.489 87.6500 58.7
309.990 88.7400 44.0
310.490 88.5400 47.4
310.991 88.6400 46.5
311.492 88.7400 45.6
311.993 88.5400 48.9
312.493 88.4400 50.6
312.994 89.0400 42.8
313.495 88.8400 46.1
313.996 89.0400 43.9
314.497 89.0400 44.4
314.998 89.1400 43.6
315.498 89.0400 45.5
315.999 89.2400 43.2
316.500 89.2400 43.7
317.001 88.9400 48.4
317.501 89.3500 43.2
318.002 89.5500 40.9
318.503 89.3500 44.3
319.004 89.1400 47.5
319.504 89.3500 45.0
320.004 89.2400 46.8
320.505 89.4500 44.3
321.006 89.3500 46.1
321.507 89.3500 46.5
322.007 89.7600 41.2
322.508 89.4500 45.9
323.009 89.6500 43.4
323.510 89.5500 45.2
324.011 89.3500 48.3
324.512 89.8600 41.5
325.012 89.7600 43.4
325.513 89.7600 43.7
326.014 89.7600 44.1
326.515 89.8600 43.0
327.016 87.8500 70.7
327.516 89.9700 41.3
328.017 90.0700 40.3
328.518 90.1800 39.3
329.019 90.0700 41.2
329.520 91.1300 27.2
330.021 90.1800 41.1
330.521 90.2800 40.0
331.022 89.8600 46.1
331.523 90.7000 34.8
332.024 90.1800 42.6
332.525 90.4900 38.5
333.026 91.0300 31.7
333.527 90.4900 39.6
334.027 90.7000 37.0
334.528 90.9200 34.6
335.029 90.4900 40.9
335.530 90.9200 35.3
336.031 91.0300 34.3
336.531 90.7000 39.1
337.032 90.8100 38.0
337.533 90.8100 38.3
338.034 89.6500 54.3
338.535 91.0300 35.4
339.035 91.1300 34.3
339.536 90.9200 37.7
340.037 91.2400 33.6
340.538 90.9200 38.4
341.039 91.3500 32.8
341.539 91.1300 36.1
342.040 91.4600 32.0
342.541 91.3500 33.9
343.042 91.0300 38.7
343.543 91.3500 34.5
344.044 91.2400 36.2
344.545 91.1300 38.0
345.045 91.3500 35.2
345.545 90.9200 41.3
346.046 91.1300 38.4
346.547 91.2400 37.1
347.048 90.9200 41.7
347.549 91.2400 37.3
348.049 91.3500 36.0
348.550 91.2400 37.6
349.051 91.3500 36.3
349.552 91.7900 30.6
350.053 91.3500 36.9
350.554 91.2400 38.5
351.054 91.1300 40.0
351.555 91.3500 37.1
352.056 91.0300 41.6
352.557 91.3500 37.2
353.058 91.0300 41.7
353.558 91.2400 38.7
354.059 91.2400 38.7
354.560 91.1300 40.2
355.061 90.7000 46.0
355.562 91.4600 35.6
356.062 91.0300 41.6
356.563 91.1300 40.1
357.064 91.1300 40.1
357.565 91.1300 40.0
358.066 91.3500 37.1
358.566 91.5700 34.2
359.067 91.2400 38.8
359.568 91.4600 35.9
360.069 91.4600 36.0
360.570 91.0300 42.0
361.071 91.4600 36.0
361.571 91.5700 34.6
362.072 91.0300 42.1
362.573 91.3500 37.6
363.074 91.1300 40.6
363.575 91.2400 39.0
364.075 91.3500 37.5
364.576 91.4600 36.1
365.077 91.3500 37.6
365.578 91.0300 42.1
366.079 91.2400 39.0
366.580 91.1300 40.4
367.080 90.9200 43.3
367.581 91.1300 40.1
368.082 91.3500 37.1
368.583 91.4600 35.7
369.084 91.4600 35.8
369.584 91.4600 35.9
370.085 91.1300 40.4
370.586 91.4600 35.8
371.087 91.1300 40.3
371.587 91.3500 37.3
372.088 91.2400 38.8
372.588 91.2400 38.7
373.089 91.2400 38.7
373.590 91.2400 38.6
374.091 90.9200 43.0
374.592 91.4600 35.4
375.092 91.0300 41.4
375.593 91.2400 38.3
376.094 91.3500 36.8
376.595 91.2400 38.3
377.096 91.4600 35.3
377.596 91.6800 32.4
378.097 91.1300 40.0
378.598 91.2400 38.4
379.099 91.2400 38.3
379.600 91.1300 39.8
380.100 88.5400 74.9
380.601 91.2400 36.8
381.102 91.3500 35.4
381.603 90.8100 42.8
382.104 91.2400 36.8
382.605 91.5700 32.4
383.105 91.4600 34.0
383.606 90.9200 41.5
384.107 91.2400 37.0
384.608 91.3500 35.5
385.109 91.1300 38.5
385.609 91.5700 32.6
386.110 91.3500 35.7
386.611 90.8100 43.1
387.112 92.0100 26.6
387.613 91.1300 38.8
388.114 91.0300 40.2
388.614 91.2400 37.1
389.115 91.3500 35.7
389.616 91.3500 35.7
390.117 91.3500 35.7
390.618 91.1300 38.7
391.118 91.2400 37.1
391.619 91.5700 32.7
392.120 91.0300 40.2
392.621 91.1300 38.6
393.122 91.5700 32.6
393.623 91.2400 37.1
394.123 91.1300 38.6
394.624 91.6800 31.1
395.125 91.1300 38.6
395.626 91.4600 34.1
396.127 91.5700 32.7
396.627 91.2400 37.2
397.128 90.9200 41.6
397.629 91.3500 35.5
398.129 91.0300 39.9
398.630 91.3500 35.3
399.131 91.1300 38.3
399.631 91.4600 33.8
400.132 91.0300 39.7
400.633 91.5700 32.2
401.134 91.1300 38.2
401.634 91.1300 38.1
402.135 91.2400 36.5
402.636 91.1300 38.0
403.137 90.8100 42.2
403.638 91.1300 37.6
404.139 91.1300 37.5
404.639 91.2400 36.0
405.140 91.1300 37.4
405.641 91.0300 38.8
406.142 91.0300 38.7
406.643 91.1300 37.1
407.144 90.9200 40.0
407.645 91.2400 35.4
408.145 90.6000 44.2
408.646 91.0300 38.0
409.147 91.1300 36.5
409.648 90.8100 40.8
410.149 90.7000 42.1
410.650 90.8100 40.4
411.150 91.0300 37.4
411.651 90.6000 43.1
412.152 90.6000 42.8
412.653 90.8100 39.7
413.154 90.6000 42.5
413.654 90.2800 46.5
414.155 90.6000 41.9
414.656 90.6000 41.7
415.157 90.9200 37.2
415.658 90.8100 38.6
416.159 91.1300 34.2
416.659 90.8100 38.6
417.160 90.8100 38.6
417.661 90.8100 38.5
418.162 91.6800 26.7
418.662 90.9200 37.3
419.163 90.9200 37.3
419.664 91.2400 32.9
420.165 91.1300 34.5
420.666 91.0300 36.0
421.166 91.1300 34.5
421.667 91.1300 34.6
422.168 91.1300 34.6
422.669 91.4600 30.3
423.169 90.9200 37.8
423.670 91.5700 28.9
424.170 91.2400 33.6
424.671 91.4600 30.7
425.172 92.3400 18.8
425.673 91.2400 34.4
426.173 91.4600 31.4
426.674 92.1200 22.6
427.175 91.6800 29.0
427.676 91.6800 29.1
428.177 92.1200 23.3
428.677 91.5700 31.2
429.178 91.6800 29.7
429.679 91.7900 28.4
430.180 91.9000 27.0
430.681 92.0100 25.7
431.182 91.7900 28.9
431.682 92.1200 24.6
432.183 91.9000 27.8
432.684 92.2300 23.4
433.185 92.1200 25.2
433.685 92.2300 23.9
434.186 92.4600 21.1
434.687 92.5700 19.9
435.188 92.4600 21.8
435.689 92.4600 22.1
436.189 92.3400 23.9
436.690 92.6800 19.5
437.191 92.2300 25.9
437.692 92.6800 19.9
438.192 92.5700 21.7
438.693 92.4600 23.5
439.194 92.5700 22.1
439.695 92.6800 20.8
440.196 92.7900 19.4
440.697 92.7900 19.7
441.197 92.9100 18.4
441.698 93.0200 17.1
442.199 92.9100 19.0
442.700 92.7900 20.8
443.200 93.3700 13.1
443.701 93.0200 18.2
444.202 92.9100 20.0
444.703 93.3700 13.9
445.204 93.2500 15.8
445.704 93.1400 17.7
446.205 93.4800 13.2
446.706 93.3700 15.1
447.207 93.4800 13.7
447.708 93.2500 17.2
448.209 93.4800 14.2
448.709 93.3700 16.0
449.210 93.6000 13.0
449.711 93.6000 13.3
450.212 93.2500 18.3
450.712 93.9500 8.8
451.212 93.8300 10.8
451.713 93.6000 14.3
452.214 93.7200 12.8
452.715 93.4800 16.2
453.216 93.8300 11.5
453.717 94.3100 5.3
454.217 93.2500 20.1
454.718 94.0700 8.9
455.219 94.1900 7.5
455.720 93.9500 11.1
456.221 93.9500 11.2
456.721 94.3100 6.6
457.222 94.0700 10.1
457.723 94.0700 10.3
458.224 94.4200 5.6
458.725 93.9500 12.3
459.226 94.1900 9.2
459.726 93.8300 14.1
460.227 94.4200 6.1
460.728 94.1900 9.5
461.229 94.1900 9.7
461.730 94.1900 9.7
462.230 94.0700 11.4
462.731 94.3100 8.2
463.232 94.0700 11.5
463.733 94.6600 3.5
464.234 94.1900 10.2
464.734 94.0700 11.8
465.235 94.4200 6.9
465.736 94.1900 10.3
466.237 94.0700 11.8
466.738 94.1900 10.2
467.238 94.4200 6.9
467.739 94.4200 7.0
468.240 94.3100 8.7
468.741 94.3100 8.7
469.242 94.4200 7.0
469.743 94.1900 10.3
470.243 94.1900 10.2
470.744 94.3100 8.5
471.245 93.4800 19.7
471.746 94.7800 1.6
472.247 94.0700 11.5
472.747 94.3100 8.1
473.248 93.8300 14.5
473.749 94.3100 7.8
474.250 94.0700 11.0
474.751 94.5400 4.4
475.252 94.1900 9.3
475.752 95.5200 0.0
476.253 94.0700 11.6
476.754 93.7200 16.2
477.254 93.3700 20.5
477.755 94.0700 10.5
478.255 94.4200 5.5
478.756 94.0700 10.3
479.257 94.0700 10.2
479.758 93.8300 13.2
480.259 93.7200 14.5
480.760 93.6000 15.8
481.260 93.7200 13.8
481.761 93.7200 13.5
482.262 93.6000 14.8
482.763 93.6000 14.5
483.264 93.8300 11.0
483.764 93.6000 14.0
484.265 93.6000 13.7
484.766 93.6000 13.4
485.267 93.3700 16.2
485.768 93.9500 8.0
486.269 93.6000 12.7
486.769 93.2500 17.1
487.270 93.1400 18.3
487.771 93.3700 14.7
488.272 93.1400 17.5
488.773 93.3700 14.0
489.273 93.1400 16.8
489.774 93.2500 14.9
490.275 93.0200 17.7
490.776 93.0200 17.3
491.277 92.7900 20.0
491.777 93.1400 14.8
492.278 92.9100 17.6
492.779 92.6800 20.4
493.280 92.7900 18.3
493.781 93.1400 13.3
494.281 92.7900 17.7
494.782 92.5700 20.4
495.283 92.7900 16.9
495.784 92.7900 16.6
496.285 92.5700 19.3
496.785 92.6800 17.4
497.286 92.1200 24.6
497.787 92.2300 22.5
498.288 92.4600 19.0
498.789 92.1200 23.2
499.289 92.3400 19.6
499.790 92.4600 17.7
500.291 92.1200 22.0
500.792 92.0100 23.0
501.293 92.0100 22.6
501.794 92.0100 22.1
502.295 91.7900 24.7
502.795 92.6800 12.0
503.295 91.7900 24.1
503.796 92.0100 20.6
504.297 91.6800 24.8
504.797 91.5700 25.7
505.298 91.6800 23.7
505.799 91.4600 26.2
506.300 91.7900 21.3
506.801 91.5700 23.9
507.301 91.9000 19.0
507.802 91.4600 24.7
508.303 91.6800 21.3
508.804 91.4600 24.0
509.305 91.3500 25.1
509.805 91.3500 24.6
510.306 91.3500 24.2
510.807 90.9200 29.7
511.308 91.6800 18.8
511.809 91.1300 26.0
512.310 91.1300 25.6
512.810 91.1300 25.2
513.311 91.3500 21.9
513.812 90.3900 34.7
514.313 90.8100 28.2
514.814 91.2400 21.9
515.315 90.7000 29.0
515.815 91.0300 24.2
516.316 90.8100 26.8
516.817 91.0300 23.5
517.318 90.8100 26.2
517.819 90.7000 27.3
518.319 90.8100 25.5
518.820 89.4500 43.6
519.321 90.4900 28.6
519.822 90.4900 28.2
520.323 90.7000 24.9
520.824 90.7000 24.7
521.325 90.6000 25.9
521.825 90.4900 27.1
522.326 90.3900 28.3
522.827 90.7000 23.6
523.328 90.2800 29.2
523.828 89.3500 41.5
524.329 90.4900 25.2
524.830 90.4900 25.0
525.331 90.3900 26.3
525.832 90.6000 23.2
526.332 90.3900 26.0
526.833 90.4900 24.4
527.334 90.4900 24.2
527.835 90.2800 27.0
528.336 90.1800 28.2
528.837 90.2800 26.5
529.337 89.9700 30.6
529.837 90.0700 28.8
530.338 90.2800 25.7
530.839 90.0700 28.4
531.340 90.1800 26.8
531.840 90.2800 25.2
532.341 90.0700 27.9
532.842 89.8600 30.6
533.343 89.9700 28.9
533.844 89.8600 30.0
534.345 90.2800 24.1
534.845 90.1800 25.5
535.346 89.8600 29.6
535.847 89.8600 29.4
536.348 90.1800 24.9
536.849 89.9700 27.7
537.349 89.6500 31.8
537.850 89.2400 37.1
538.351 89.7600 29.6
538.852 89.6500 30.8
539.353 89.7600 29.2
539.854 89.7600 29.0
540.354 89.7600 28.9
540.855 89.3500 34.3
541.356 89.5500 31.2
541.857 89.8600 26.8
542.358 89.6500 29.5
542.859 89.4500 32.1
543.359 89.6500 29.1
543.860 89.5500 30.4
544.361 89.5500 30.2
544.862 89.6500 28.7
545.363 89.4500 31.4
545.864 89.4500 31.2
546.364 89.4500 31.0
546.865 89.4500 30.9
547.366 89.3500 32.1
547.867 89.4500 30.5
548.368 90.0700 22.0
548.869 89.4500 30.6
549.370 89.2400 33.2
549.870 89.4500 30.2
550.371 90.2800 18.8
550.872 89.0400 36.0
551.373 89.3500 31.5
551.874 89.5500 28.6
552.375 89.2400 32.7
552.875 89.3500 31.1
553.376 88.3400 44.7
553.877 89.4500 29.0
554.378 89.3500 30.4
554.879 89.4500 28.9
555.379 89.4500 28.9
555.879 89.3500 30.3
556.380 89.4500 28.9
556.881 89.5500 27.5
557.382 89.4500 28.9
557.883 89.4500 28.9
558.383 89.2400 31.7
558.884 89.4500 28.8
559.385 88.9400 35.7
559.886 89.2400 31.3
560.387 89.0400 34.0
560.887 89.3500 29.7
561.388 89.1400 32.5
561.889 89.4500 28.2
562.390 89.1400 32.4
562.891 89.4500 28.1
563.392 89.1400 32.4
563.892 89.1400 32.3
564.393 89.2400 30.8
564.894 88.9400 34.9
565.395 89.1400 32.0
565.896 88.7400 37.4
566.397 89.2400 30.3
566.897 89.1400 31.7
567.398 88.7400 37.1
567.899 89.0400 32.8
568.400 88.7400 36.8
568.901 88.9400 33.9
569.402 89.0400 32.4
569.903 88.6400 37.8
570.403 88.9400 33.5
570.904 88.5400 38.9
571.405 93.0200 0.0
571.906 88.7400 38.2
572.407 88.8400 36.6
572.907 88.6400 39.1
573.408 88.6400 38.8
573.909 88.5400 39.9
574.410 88.6400 38.3
574.911 88.7400 36.7
575.412 88.5400 39.2
575.913 88.4400 40.4
576.414 87.8500 48.1
576.914 88.0400 44.9
577.415 88.2400 41.8
577.916 87.7500 48.2
578.417 87.7500 47.7
578.918 87.9400 44.6
579.419 87.8500 45.6
579.920 87.5500 49.2
580.420 87.6500 47.4
580.920 87.7500 45.6
581.421 87.6500 46.7
581.922 87.6500 46.3
582.422 87.5500 47.3
582.923 87.2600 50.9
583.424 87.4600 47.8
583.925 87.1700 51.4
584.426 87.2600 49.7
584.927 86.0400 65.9
585.428 87.1700 49.7
585.928 87.1700 49.4
586.429 86.9800 51.7
586.930 87.1700 48.7
587.431 86.9800 51.1
587.932 86.7900 53.3
588.433 86.7900 52.9
588.933 86.7900 52.6
589.434 86.6000 54.8
589.935 86.4100 57.0
590.436 86.3200 57.8
590.937 86.5000 54.8
591.438 86.2200 58.3
591.939 86.0400 60.3
592.439 86.2200 57.3
592.940 86.1300 58.2
593.441 86.0400 59.1
593.942 85.8500 61.2
594.443 85.8500 60.7
594.944 85.7600 61.6
595.444 85.6700 62.4
595.945 85.4900 64.4
596.446 85.4000 65.1
596.947 85.2200 67.1
597.447 85.4000 64.1
597.948 85.2200 66.1
598.449 85.2200 65.7
598.950 85.3100 64.0
599.451 84.9500 68.5
599.952 85.1300 65.6
600.453 84.9500 67.7
600.953 84.9500 67.2
601.454 84.7700 69.3
601.955 84.6800 70.0
602.456 84.6800 69.6
602.957 84.4100 72.8
603.458 84.3300 73.5
603.958 84.5000 70.6
604.460 84.2400 73.8
604.960 83.8000 79.2
605.461 83.9800 76.2
605.962 84.2400 72.2
606.462 84.0600 74.2
606.963 83.8000 77.3
607.463 83.7200 78.0
607.964 83.7200 77.5
608.465 83.6300 78.2
608.966 83.6300 77.8
609.467 83.2900 82.0
609.968 83.0300 85.0
610.468 82.8600 86.7
610.969 82.8600 86.0
611.470 83.2000 80.8
611.971 83.1200 81.6
612.472 82.7800 85.8
612.973 82.7800 85.3
613.473 82.6100 87.1
613.974 82.5300 87.7
614.475 82.7800 83.8
614.976 82.4500 88.0
615.477 82.3600 88.7
615.978 82.2800 89.3
616.479 82.1200 91.1
616.979 82.0300 91.7
617.480 82.1200 90.1
617.981 80.9900 100.0
618.482 82.0300 89.5
618.983 81.6300 94.7
619.484 81.7900 92.0
619.985 81.5500 95.0
620.485 81.6300 93.4
620.986 81.2300 98.5
621.487 81.2300 98.0
621.988 81.1500 98.6
622.489 81.1500 98.1
622.990 81.3100 95.5
623.490 81.0700 98.5
623.991 80.9100 100.0
624.492 80.7500 100.0
624.993 80.9100 98.7
625.494 80.5100 100.0
625.995 80.3600 100.0
626.496 80.5100 100.0
626.996 80.1200 100.0
627.497 80.1200 100.0
627.998 80.0500 100.0
628.499 79.9700 100.0
629.000 80.0500 100.0
629.501 79.8200 100.0
630.001 79.6600 100.0
630.502 79.6600 100.0
631.003 79.5900 100.0
631.504 79.4300 100.0
632.004 79.3600 100.0
632.505 79.2100 100.0
633.006 79.0600 100.0
633.507 79.1300 100.0
634.007 78.9100 100.0
634.508 78.7600 100.0
635.009 78.6900 100.0
635.510 78.6900 100.0
636.011 78.6900 100.0
636.511 78.3900 100.0
637.012 78.3200 100.0
637.513 78.1000 100.0
638.014 78.3200 100.0
638.515 78.1000 100.0
639.015 77.8800 100.0
639.516 77.8100 100.0
640.017 78.0300 100.0
640.518 77.7400 100.0
641.019 77.5200 100.0
641.520 77.3800 100.0
642.020 77.3800 100.0
642.521 77.1700 100.0
643.022 77.3800 100.0
643.523 77.3100 100.0
644.024 77.0900 100.0
644.525 77.0200 100.0
645.025 76.6700 100.0
645.526 76.8800 100.0
646.027 76.6700 100.0
646.528 76.6000 100.0
647.028 76.5300 100.0
647.529 76.4700 100.0
648.030 76.2500 100.0
648.531 76.0500 100.0
649.032 75.9100 100.0
649.533 75.9800 100.0
650.034 75.8400 100.0
650.534 75.7100 100.0
651.035 75.7100 100.0
651.536 75.7100 100.0
652.037 75.7700 100.0
652.538 75.3700 100.0
653.038 75.3000 100.0
653.539 75.3000 100.0
654.040 75.5700 100.0
654.541 74.6400 100.0
655.042 75.1000 100.0
655.542 74.7700 100.0
656.043 74.4400 100.0
656.544 74.9000 100.0
657.045 74.7100 100.0
657.545 74.5100 100.0
658.045 74.2500 100.0
658.546 74.3100 100.0
659.047 74.1200 100.0
659.548 74.3800 100.0
660.049 74.2500 100.0
660.550 73.8000 100.0
661.050 73.8600 100.0
661.551 71.8700 100.0
662.052 73.7300 100.0
662.553 73.7300 100.0
663.054 73.4800 100.0
663.555 73.8000 100.0
664.055 73.1600 100.0
664.556 73.4200 100.0
665.057 73.2300 100.0
665.558 73.1000 100.0
666.059 72.9800 100.0
666.560 72.9800 100.0
667.060 72.9100 100.0
667.561 72.7900 100.0
668.062 72.5400 100.0
668.563 72.7300 100.0
669.064 72.4200 100.0
669.565 72.2400 100.0
670.065 72.3600 100.0
670.566 72.3600 100.0
671.067 72.1100 100.0
671.568 72.1700 100.0
672.069 71.9900 100.0
672.570 71.8700 100.0
673.070 71.8700 100.0
673.571 71.6900 100.0
674.072 71.7500 100.0
674.573 71.5100 100.0
675.074 71.4500 100.0
675.575 71.2100 100.0
676.075 71.0300 100.0
676.577 71.2700 100.0
677.078 71.0300 100.0
677.578 71.1500 100.0
678.079 71.5100 100.0
678.580 70.8000 100.0
679.081 70.8000 100.0
679.582 70.6200 100.0
680.083 70.5700 100.0
680.583 70.5100 100.0
681.084 70.4500 100.0
681.585 70.3300 100.0
682.086 70.3300 100.0
682.587 70.2800 100.0
683.087 70.1600 100.0
683.587 70.1000 100.0
684.088 69.9900 100.0
684.589 69.9900 100.0
685.090 69.7100 100.0
685.590 69.7600 100.0
686.091 69.5900 100.0
686.592 69.4800 100.0
687.093 69.5400 100.0
687.594 69.3100 100.0
688.095 69.3100 100.0
688.595 69.2500 100.0
689.096 69.2000 100.0
689.597 69.2500 100.0
690.098 69.0900 100.0
690.599 68.8700 100.0
691.100 68.7000 100.0
691.600 68.8100 100.0
692.101 68.5900 100.0
692.602 68.6400 100.0
693.103 68.4800 100.0
693.604 68.4300 100.0
694.104 68.3700 100.0
694.605 68.6400 100.0
695.106 68.1500 100.0
695.607 68.2600 100.0
696.108 68.2600 100.0
696.608 67.8800 100.0
697.109 67.8300 100.0
697.610 67.8800 100.0
698.111 67.6700 100.0
698.612 67.5600 100.0
699.113 67.5600 100.0
699.613 67.5100 100.0
700.114 67.3500 100.0
700.615 67.4000 100.0
701.116 67.1900 100.0
701.617 67.2400 100.0
702.118 67.2400 100.0
702.619 67.0300 100.0
703.119 66.8800 100.0
703.620 66.7700 100.0
704.121 66.8800 100.0
704.622 66.6700 100.0
705.123 66.6200 100.0
705.623 66.5100 100.0
706.124 66.5100 100.0
706.625 66.4100 100.0
707.126 66.2600 100.0
707.627 65.8500 100.0
708.127 66.0500 100.0
708.628 66.1000 100.0
709.129 65.9500 100.0
709.629 65.8500 100.0
710.130 65.7500 100.0
710.631 65.8500 100.0
711.131 65.6500 100.0
711.632 65.6000 100.0
712.133 65.4900 100.0
712.634 65.3400 100.0
713.135 65.2400 100.0
713.635 65.1900 100.0
714.136 65.1900 100.0
714.637 65.1000 100.0
715.138 65.1500 100.0
715.639 64.9000 100.0
716.140 64.9500 100.0
716.640 64.8500 100.0
717.141 64.7000 100.0
717.642 64.8000 100.0
718.143 64.7000 100.0
718.644 64.4600 100.0
719.145 64.4600 100.0
719.646 64.3100 100.0
720.146 64.2100 100.0
720.647 64.2100 100.0
721.148 64.1700 100.0
721.649 63.9700 100.0
722.150 63.9700 100.0
722.651 63.8300 100.0
723.151 63.9700 100.0
723.652 63.7300 100.0
724.153 63.6400 100.0
724.654 63.5900 100.0
725.155 63.5400 100.0
725.656 63.5900 100.0
726.157 63.3100 100.0
726.657 63.4000 100.0
727.158 63.3100 100.0
727.659 63.2100 100.0
728.160 63.2100 100.0
728.661 62.9800 100.0
729.162 63.0200 100.0
729.662 62.9300 100.0
730.163 62.7000 100.0
730.664 62.7900 100.0
731.165 62.6500 100.0
731.666 62.5600 100.0
732.167 62.6500 100.0
732.668 62.4700 100.0
733.168 62.4700 100.0
733.669 62.2800 100.0
734.170 62.3700 100.0
734.670 62.0500 100.0
735.171 62.1000 100.0
735.671 62.0100 100.0
736.172 61.9200 100.0
736.673 62.1500 100.0
737.174 61.7300 100.0
737.675 61.8700 100.0
738.176 61.4200 100.0
738.676 61.5500 100.0
739.177 61.4600 100.0
739.678 61.3800 100.0
740.179 60.9300 100.0
740.680 61.2900 100.0
741.181 61.2000 100.0
741.682 61.1500 100.0
742.182 61.9600 100.0
742.683 61.0600 100.0
743.184 60.8900 100.0
743.685 60.8900 100.0
744.186 60.8400 100.0
744.687 60.7500 100.0
745.187 60.5800 100.0
745.689 60.6200 100.0
746.189 60.5800 100.0
746.690 60.4900 100.0
747.191 60.4100 100.0
747.692 60.3200 100.0
748.193 60.3200 100.0
748.694 60.2700 100.0
749.194 60.1000 100.0
749.695 60.1000 100.0
750.196 59.8900 100.0
750.697 59.8000 100.0
751.198 59.7600 100.0
751.699 59.8000 100.0
752.200 59.7200 100.0
752.700 59.9300 100.0
753.201 59.5900 100.0
753.702 59.5500 100.0
754.203 57.5200 100.0
754.704 59.4600 100.0
755.205 59.3800 100.0
755.705 59.1200 100.0
756.206 59.2500 100.0
756.707 59.1700 100.0
757.208 59.1700 100.0
757.709 59.0000 100.0
758.209 58.8300 100.0
758.710 58.9600 100.0
759.211 58.9100 100.0
759.712 58.7500 100.0
760.212 58.6600 100.0
760.713 58.6600 100.0
761.213 58.6200 100.0
761.714 58.5000 100.0
762.215 58.3700 100.0
762.716 58.3300 100.0
763.217 58.3700 100.0
763.717 58.2100 100.0
764.218 58.0900 100.0
764.719 58.1300 100.0
765.220 57.9700 100.0
765.721 58.0900 100.0
766.222 57.8000 100.0
766.722 57.9700 100.0
767.223 57.7200 100.0
767.724 57.8400 100.0
768.225 57.6400 100.0
768.726 57.5200 100.0
769.226 57.5600 100.0
769.727 57.2800 100.0
770.228 57.4400 100.0
770.729 57.3200 100.0
771.230 57.3200 100.0
771.731 57.2400 100.0
772.231 57.2800 100.0
772.732 57.1200 100.0
773.233 57.0800 100.0
773.734 57.0400 100.0
774.235 56.9200 100.0
774.736 56.8400 100.0
775.236 56.8000 100.0
775.737 56.7200 100.0
776.238 56.5700 100.0
776.739 56.6500 100.0
777.240 56.4900 100.0
777.740 56.4100 100.0
778.241 56.3300 100.0
778.742 56.3300 100.0
779.243 56.2900 100.0
779.744 56.3300 100.0
780.244 56.2500 100.0
780.745 56.2500 100.0
781.246 56.1800 100.0
781.747 55.9800 100.0
782.248 55.9400 100.0
782.749 55.8300 100.0
783.249 55.7900 100.0
783.750 55.7500 100.0
784.251 55.7900 100.0
784.752 55.6800 100.0
785.253 55.5600 100.0
785.753 55.6800 100.0
786.254 55.4800 100.0
786.754 55.4100 100.0
787.255 55.3300 100.0
787.756 55.2200 100.0
788.256 55.2200 100.0
788.757 55.1100 100.0
789.258 55.0700 100.0
789.759 54.9900 100.0
790.260 54.9500 100.0
790.760 55.0300 100.0
791.261 54.8800 100.0
791.762 54.8400 100.0
792.263 54.8000 100.0
792.764 54.6500 100.0
793.265 54.6200 100.0
793.765 54.6500 100.0
794.266 54.4300 100.0
794.767 54.4300 100.0
795.268 54.3600 100.0
795.768 54.3900 100.0
796.269 54.2800 100.0
796.770 54.2800 100.0
797.271 53.9900 100.0
797.772 54.1000 100.0
798.273 54.2800 100.0
798.774 54.2500 100.0
799.274 53.9200 100.0
799.775 53.9200 100.0
800.276 53.9200 100.0
800.777 53.7300 100.0
801.277 53.5200 100.0
801.778 53.6600 100.0
802.279 53.5200 100.0
802.780 53.5200 100.0
803.281 53.4800 100.0
803.782 53.3700 100.0
804.282 53.3700 100.0
804.783 53.4800 100.0
805.284 53.3000 100.0
805.785 53.1500 100.0
806.286 52.5800 100.0
806.786 53.0500 100.0
807.287 52.9800 100.0
807.788 53.0100 100.0
808.289 52.8700 100.0
808.790 52.9000 100.0
809.291 52.8000 100.0
809.791 52.8000 100.0
810.292 52.6900 100.0
810.793 53.2600 100.0
811.294 52.6900 100.0
811.795 52.5800 100.0
812.295 52.4800 100.0
812.796 52.4800 100.0
813.297 52.5100 100.0
813.797 52.3400 100.0
814.298 52.2300 100.0
814.799 52.3000 100.0
815.300 52.3000 100.0
815.801 52.1300 100.0
816.302 52.0600 100.0
816.803 52.1300 100.0
817.303 52.1300 100.0
817.804 52.0200 100.0
818.305 51.9900 100.0
818.806 51.9500 100.0
819.307 51.7800 100.0
819.808 51.8500 100.0
820.308 51.7800 100.0
820.809 51.6400 100.0
821.310 51.6000 100.0
821.811 51.5700 100.0
822.312 51.4700 100.0
822.812 51.5300 100.0
823.313 51.5000 100.0
823.814 51.4000 100.0
824.315 50.7800 100.0
824.816 51.1900 100.0
825.317 51.2900 100.0
825.818 51.2300 100.0
826.318 51.1900 100.0
826.819 51.1200 100.0
827.320 51.0500 100.0
827.821 51.0200 100.0
828.322 50.9200 100.0
828.823 50.9500 100.0
829.323 50.8800 100.0
829.824 50.8500 100.0
830.325 50.7800 100.0
830.826 50.8200 100.0
831.327 50.7500 100.0
831.828 50.6800 100.0
832.328 50.5500 100.0
832.829 50.4800 100.0
833.330 50.5800 100.0
833.831 50.5500 100.0
834.332 50.4100 100.0
834.833 50.3800 100.0
835.333 50.3500 100.0
835.834 50.2100 100.0
836.335 50.2400 100.0
836.836 50.1800 100.0
837.337 50.3100 100.0
837.837 50.1400 100.0
838.337 50.0800 100.0
838.838 50.0800 100.0
839.339 49.9100 100.0
839.840 49.8500 100.0
840.341 49.8800 100.0
840.841 50.3500 100.0
841.342 49.8800 100.0
841.843 49.6500 100.0
842.344 49.6500 100.0
842.845 49.6500 100.0
843.345 49.5800 100.0
843.846 49.5500 100.0
844.347 49.4800 100.0
844.848 49.4500 100.0
845.349 49.4200 100.0
845.850 49.3200 100.0
846.350 49.3500 100.0
846.851 49.3500 100.0
847.352 49.1900 100.0
847.853 49.2200 100.0
848.354 49.0900 100.0
848.854 49.0300 100.0
849.355 48.9900 100.0
849.856 49.0300 100.0
850.357 48.9600 100.0
850.858 48.8600 100.0
851.359 48.7400 100.0
851.859 48.9000 100.0
852.360 48.8000 100.0
852.861 48.6700 100.0
853.362 48.6700 100.0
853.863 48.7000 100.0
854.364 48.5700 100.0
854.864 48.6100 100.0
855.365 48.4500 100.0
855.866 48.4800 100.0
856.367 48.4100 100.0
856.868 48.3800 100.0
857.368 48.3500 100.0
857.869 48.2500 100.0
858.370 48.2500 100.0
858.871 48.1900 100.0
859.372 48.1900 100.0
859.873 48.1900 100.0
860.373 48.1300 100.0
860.874 48.0600 100.0
861.375 48.0600 100.0
861.876 47.8700 100.0
862.376 47.9700 100.0
862.877 48.0000 100.0
863.378 48.1300 100.0
863.879 47.8400 100.0
864.379 47.8100 100.0
864.879 47.7800 100.0
865.380 47.7200 100.0
865.881 47.6200 100.0
866.382 47.5900 100.0
866.883 47.5900 100.0
867.384 47.5600 100.0
867.884 47.5300 100.0
868.385 47.5000 100.0
868.886 47.8100 100.0
869.387 47.3400 100.0
869.887 47.3400 100.0
870.388 47.2500 100.0
870.889 47.2800 100.0
871.390 47.1500 100.0
871.891 47.1800 100.0
872.392 47.1800 100.0
872.893 47.0000 100.0
873.393 47.0900 100.0
873.894 47.0000 100.0
874.395 47.0000 100.0
874.896 46.9400 100.0
875.396 46.8400 100.0
875.897 46.9400 100.0
876.398 46.7500 100.0
876.899 46.7500 100.0
877.400 46.7200 100.0
877.901 46.6600 100.0
878.401 46.6900 100.0
878.902 46.6000 100.0
879.403 46.5400 100.0
879.904 46.6300 100.0
880.405 46.5100 100.0
880.906 46.4100 100.0
881.407 46.3800 100.0
881.907 46.3500 100.0
882.408 46.3800 100.0
882.909 46.2900 100.0
883.410 46.2300 100.0
883.911 46.2900 100.0
884.411 46.2600 100.0
884.912 46.2900 100.0
885.413 46.1400 100.0
885.914 46.1400 100.0
886.415 45.9900 100.0
886.916 46.0200 100.0
887.416 45.9000 100.0
887.917 45.9000 100.0
888.418 45.9000 100.0
888.919 46.0500 100.0
889.420 45.9300 100.0
889.920 45.8100 100.0
890.420 45.7500 100.0
890.921 45.7800 100.0
891.422 45.7500 100.0
891.923 45.7500 100.0
892.424 45.6600 100.0
892.925 45.6600 100.0
893.425 45.6000 100.0
893.926 45.5700 100.0
894.427 45.4200 100.0
894.928 45.4500 100.0
895.429 45.4500 100.0
895.930 45.3000 100.0
896.431 45.3000 100.0
896.931 45.3000 100.0
897.432 45.1500 100.0
897.933 45.2100 100.0
898.434 45.2700 100.0
898.935 45.1200 100.0
899.436 45.1200 100.0
899.936 45.1800 100.0
900.437 45.0000 100.0
900.938 45.5100 100.0
901.439 45.0300 100.0
901.940 44.9100 100.0
902.441 44.9700 100.0
902.942 44.9700 100.0
903.442 44.8800 100.0
903.943 44.8800 100.0
904.444 44.8200 100.0
904.945 44.7900 100.0
905.446 44.7000 100.0
905.947 44.6500 100.0
906.448 44.6500 100.0
906.948 44.7000 100.0
907.449 44.6200 100.0
907.950 44.5600 100.0
908.451 44.5000 100.0
908.952 44.4700 100.0
909.453 44.5600 100.0
909.953 44.4100 100.0
910.454 44.5000 100.0
910.955 44.3200 100.0
911.456 44.2400 100.0
911.957 44.3500 100.0
912.458 44.2700 100.0
912.959 44.2900 100.0
913.459 44.1200 100.0
913.960 44.1500 100.0
914.461 44.0600 100.0
914.962 44.0900 100.0
915.462 44.0000 100.0
915.963 44.2400 100.0
916.464 44.1800 100.0
916.964 43.8900 100.0
917.465 43.8600 100.0
917.966 43.8300 100.0
918.467 43.8300 100.0
918.968 43.6800 100.0
919.468 43.6800 100.0
919.969 43.5400 100.0
920.470 43.6600 100.0
920.971 43.6000 100.0
921.472 43.4800 100.0
921.973 43.5400 100.0
922.474 43.5100 100.0
922.974 43.4800 100.0
923.475 43.4800 100.0
923.976 43.3100 100.0
924.477 43.2300 100.0
924.978 43.3100 100.0
925.479 43.2800 100.0
925.979 43.2800 100.0
926.480 43.3400 100.0
926.981 43.1400 100.0
927.482 43.1700 100.0
927.983 43.2500 100.0
928.483 43.2000 100.0
928.984 43.0800 100.0
929.485 43.0500 100.0
929.986 43.0300 100.0
930.487 43.0500 100.0
930.988 42.9700 100.0
931.489 42.9400 100.0
931.989 42.9100 100.0
932.490 42.8600 100.0
932.991 42.8800 100.0
933.492 42.7700 100.0
933.993 42.8000 100.0
934.494 42.7100 100.0
934.995 42.6000 100.0
935.495 42.6900 100.0
935.996 42.6300 100.0
936.497 42.4900 100.0
936.998 42.6300 100.0
937.499 42.5500 100.0
938.000 42.5200 100.0
938.500 42.4600 100.0
939.001 42.4600 100.0
939.502 42.5200 100.0
940.003 42.4000 100.0
940.504 42.3500 100.0
941.004 42.3800 100.0
941.505 42.3800 100.0
942.005 42.3200 100.0
942.506 42.2400 100.0
943.007 42.2400 100.0
943.508 42.2400 100.0
944.009 42.2400 100.0
944.510 42.2400 100.0
945.011 42.1500 100.0
945.512 42.1500 100.0
946.012 42.1800 100.0
946.513 42.0100 100.0
947.014 42.1300 100.0
947.515 42.0100 100.0
948.016 41.9600 100.0
948.517 42.1500 100.0
949.018 41.9900 100.0
949.519 41.9600 100.0
950.019 41.8700 100.0
950.520 41.9600 100.0
951.021 41.8200 100.0
951.522 41.8200 100.0
952.023 41.8200 100.0
952.524 41.7400 100.0
953.025 41.7600 100.0
953.525 41.7100 100.0
954.026 41.7100 100.0
954.527 41.7100 100.0
955.028 41.6800 100.0
955.529 41.6000 100.0
956.030 41.6300 100.0
956.530 41.6300 100.0
957.031 41.5400 100.0
957.532 41.5400 100.0
958.033 41.4900 100.0
958.534 41.4600 100.0
959.035 41.4100 100.0
959.536 41.4100 100.0
960.036 41.3800 100.0
960.537 41.3200 100.0
961.038 41.2700 100.0
961.539 41.3800 100.0
962.040 41.3200 100.0
962.541 41.3800 100.0
963.042 41.2100 100.0
963.542 41.2100 100.0
964.043 41.1900 100.0
964.544 41.1900 100.0
965.045 41.1600 100.0
965.545 41.1600 100.0
966.046 41.0500 100.0
966.546 41.0800 100.0
967.047 40.9900 100.0
967.548 40.9900 100.0
968.049 40.9400 100.0
968.550 40.9400 100.0
969.051 40.9900 100.0
969.552 40.9100 100.0
970.053 40.8600 100.0
970.553 40.7500 100.0
971.054 40.8000 100.0
971.555 40.7800 100.0
972.056 40.7800 100.0
972.557 40.7500 100.0
973.058 40.7000 100.0
973.559 40.6100 100.0
974.059 40.6400 100.0
974.560 40.6100 100.0
975.061 40.5900 100.0
975.562 40.5300 100.0
976.063 40.5300 100.0
976.564 40.5300 100.0
977.064 40.5900 100.0
977.565 40.5300 100.0
978.066 40.5100 100.0
978.567 40.4200 100.0
979.068 40.4500 100.0
979.569 40.5900 100.0
980.070 40.4000 100.0
980.570 40.2900 100.0
981.071 40.2900 100.0
981.572 40.2900 100.0
982.073 40.2900 100.0
982.574 40.2900 100.0
983.075 40.2400 100.0
983.576 40.1300 100.0
984.076 40.1600 100.0
984.577 40.0500 100.0
985.078 40.1300 100.0
985.579 40.1000 100.0
986.080 40.1000 100.0
986.581 40.0500 100.0
987.081 40.0200 100.0
987.582 39.9900 100.0
988.083 39.9700 100.0
988.584 39.9700 100.0
989.085 39.9100 100.0
989.586 39.8900 100.0
990.087 39.8900 100.0
990.587 39.8100 100.0
991.087 39.8600 100.0
991.588 39.7800 100.0
992.089 39.8100 100.0
992.590 39.7300 100.0
993.091 39.7800 100.0
993.591 39.7300 100.0
994.092 39.7500 100.0
994.593 39.7300 100.0
995.094 39.6500 100.0
995.595 39.6700 100.0
996.096 39.5900 100.0
996.596 39.5100 100.0
997.098 39.5700 100.0
997.598 39.5400 100.0
998.099 39.4600 100.0
998.600 39.5100 100.0
999.101 39.5400 100.0
999.602 39.4900 100.0
1000.103 39.4600 100.0
1000.604 39.3800 100.0
1001.105 39.3800 100.0
1001.606 39.4100 100.0
1002.107 39.3800 100.0
1002.608 39.3600 100.0
1003.109 39.3300 100.0
1003.610 39.3000 100.0
1004.111 39.2500 100.0
1004.612 39.2000 100.0
1005.113 39.0700 100.0
1005.613 39.1700 100.0
1006.114 39.1700 100.0
1006.615 39.1400 100.0
1007.116 39.2000 100.0
1007.617 39.1400 100.0
1008.118 39.1400 100.0
1008.619 39.1400 100.0
1009.119 39.0700 100.0
1009.620 39.1200 100.0
1010.121 39.0400 100.0
1010.622 39.0400 100.0
1011.123 39.0400 100.0
1011.624 38.9900 100.0
1012.125 38.9600 100.0
1012.626 38.9300 100.0
1013.127 38.9100 100.0
1013.628 38.9100 100.0
1014.129 38.8800 100.0
1014.629 38.8300 100.0
1015.129 38.8000 100.0
1015.630 38.8000 100.0
1016.131 38.8000 100.0
1016.632 38.8000 100.0
1017.133 38.7800 100.0
1017.633 38.7000 100.0
1018.134 38.8600 100.0
1018.635 38.7800 100.0
1019.136 38.8600 100.0
1019.637 38.8000 100.0
1020.138 38.7500 100.0
1020.639 38.8300 100.0
1021.139 38.9100 100.0
1021.640 38.9300 100.0
1022.141 38.9600 100.0
1022.642 38.9600 100.0
0.502 39.3300 0.0
1.003 39.3600 1.0
1.504 39.4600 0.5
2.004 39.7000 0.0
2.505 39.6500 0.3
3.006 39.7800 0.0
3.507 39.9400 0.0
4.008 40.0800 0.0
4.508 40.2900 0.0
5.009 40.2600 0.0
5.510 40.2900 0.0
6.011 40.3700 0.0
6.512 40.4800 0.0
7.012 40.6400 0.0
7.513 40.7000 0.0
8.014 40.8000 0.0
8.516 40.9100 0.0
9.016 41.0800 0.0
9.516 41.0500 0.0
10.017 41.1900 0.0
10.518 41.3800 0.0
11.019 41.3800 0.0
11.520 41.4900 0.0
12.021 41.5700 0.0
12.521 41.6300 0.0
13.022 41.6500 0.0
13.523 41.8500 0.0
14.024 41.9000 0.0
14.524 42.0700 0.0
15.025 42.0700 0.0
15.526 42.1500 0.0
16.027 42.1800 0.2
16.528 42.4600 0.0
17.028 42.3500 0.6
17.529 42.3800 1.7
18.030 42.4300 2.2
18.531 42.5200 2.1
19.032 42.6300 1.5
19.533 42.6600 2.6
20.033 42.6600 4.1
20.534 42.7700 3.4
21.035 42.8300 3.9
21.536 42.8600 4.8
22.036 42.9100 5.2
22.537 42.9700 5.6
23.037 43.0000 6.5
23.538 43.1400 5.1
24.039 43.0800 7.7
24.540 43.2000 6.9
25.041 43.2000 8.3
25.541 43.2500 8.6
26.042 43.2500 9.9
26.543 43.4500 7.4
27.044 43.3100 11.6
27.544 43.4500 10.1
28.045 43.4300 12.0
28.546 43.5100 11.6
29.047 43.4800 13.5
29.548 43.5400 13.6
30.049 43.4800 15.9
30.549 43.6300 14.3
31.050 43.6600 15.0
31.551 43.6300 16.8
32.052 43.7700 15.2
32.553 43.2500 26.4
33.053 43.7700 17.1
33.554 43.8300 17.2
34.055 43.8300 18.5
34.557 43.9200 18.0
35.057 43.9500 18.8
35.557 44.0000 18.9
36.058 43.9500 21.3
36.559 44.0000 21.4
37.060 44.0600 21.5
37.560 44.0000 23.8
38.061 44.1800 21.6
38.562 44.2700 21.2
39.063 44.2100 23.7
39.563 44.2400 24.4
40.064 44.3200 23.9
40.565 44.3800 24.1
41.066 44.3200 26.6
41.566 44.3500 27.2
42.067 44.6500 22.8
42.568 44.4100 28.8
43.069 44.5000 28.2
43.570 44.5600 28.4
44.071 44.6200 28.5
44.571 44.6500 29.2
45.072 44.7300 28.8
45.573 44.7000 30.7
46.074 44.8200 29.8
46.575 44.7900 31.7
47.076 44.7600 33.5
47.576 44.8800 32.5
48.077 44.9700 32.1
48.578 45.0300 32.3
49.078 45.0300 33.7
49.579 45.0600 34.5
50.080 45.1500 34.1
50.581 45.2400 33.8
51.082 45.1800 36.4
51.582 45.3000 35.5
52.083 45.3900 35.2
52.584 45.4500 35.5
53.085 45.5100 35.9
53.586 45.5100 37.4
54.087 45.6600 36.0
54.587 45.6000 38.7
55.088 45.7500 37.3
55.589 45.7800 38.3
56.090 45.8700 38.1
56.591 45.9000 39.1
57.092 45.9900 38.9
57.593 46.1100 38.2
58.093 46.2600 37.0
58.594 46.2000 39.9
59.095 45.9300 46.8
59.596 46.2300 42.2
60.098 46.3800 40.9
60.598 46.4800 40.8
61.099 46.5700 40.8
61.599 46.7500 39.0
62.101 46.7200 41.5
62.602 46.8100 41.5
63.102 46.9100 41.5
63.603 46.9700 42.2
64.104 47.0600 42.2
64.605 47.1200 42.9
65.105 47.2500 42.3
65.606 47.3400 42.4
66.107 47.4300 42.5
66.608 47.6200 40.8
67.109 47.5600 44.1
67.609 47.6500 44.1
68.110 47.8700 41.8
68.611 47.8700 43.9
69.112 47.9100 45.2
69.613 48.0000 45.3
70.114 48.2200 43.0
70.614 48.2500 44.4
71.115 48.3500 44.6
71.616 48.3800 46.0
72.117 48.5700 44.3
72.617 48.6100 45.8
73.118 48.7000 45.9
73.619 48.6100 49.8
74.120 48.9300 45.4
74.620 49.0900 44.4
75.120 49.0900 46.6
75.621 49.2200 46.2
76.122 49.3200 46.4
76.623 49.4200 46.7
77.123 49.5200 46.9
77.624 49.7100 45.2
78.125 49.8100 45.6
78.626 50.0800 42.7
79.126 49.9500 47.7
79.627 50.1800 45.4
80.128 48.6100 77.8
80.629 50.2800 46.0
81.129 50.4100 45.8
81.630 50.4100 48.2
82.131 50.6800 45.2
82.632 50.7200 47.0
83.133 51.0900 42.2
83.634 50.9900 46.8
84.134 51.0900 47.2
84.635 51.2600 46.2
85.136 51.2900 48.0
85.637 51.4000 48.3
86.138 51.6400 46.0
86.638 51.7800 45.8
87.139 51.9500 44.9
87.640 52.3000 40.7
88.141 52.2700 44.1
88.641 52.2700 46.7
89.142 52.6900 41.0
89.643 52.5800 45.8
90.144 52.8000 44.2
90.644 52.8700 45.4
91.145 52.9800 45.8
91.646 53.1500 44.8
92.147 53.3000 44.6
92.648 53.3700 45.7
93.148 53.5500 44.7
93.649 53.7000 44.5
94.150 53.8100 44.9
94.651 53.9900 43.9
95.152 54.1000 44.4
95.653 54.1700 45.5
96.153 54.3900 43.7
96.654 54.5100 44.1
97.155 54.6500 43.8
97.656 54.8000 43.5
98.157 54.9500 43.2
98.658 55.1400 42.2
99.159 55.1800 44.1
99.660 55.3300 43.7
100.161 55.4800 43.4
100.662 55.6000 43.7
101.162 55.7900 42.6
101.663 55.9400 42.2
102.164 56.1000 41.9
102.665 56.1800 43.0
103.165 56.3700 41.8
103.666 56.5300 41.4
104.167 56.6100 42.5
104.668 56.8400 40.6
105.169 57.0000 40.2
105.670 57.1200 40.6
106.170 57.1600 42.5
106.671 57.3600 41.1
107.172 57.5200 40.6
107.673 57.6000 41.7
108.174 57.8400 39.6
108.675 57.9200 40.7
109.176 58.0500 40.9
109.676 58.1700 41.1
110.177 58.2900 41.3
110.678 58.5000 39.8
111.179 58.6200 40.0
111.680 58.8300 38.6
112.182 59.0400 37.2
112.682 59.0400 39.9
113.182 59.2100 39.2
113.683 59.3300 39.4
114.184 59.3300 41.9
114.684 59.6700 37.8
115.185 59.7200 39.6
115.686 59.8000 40.4
116.187 60.1000 37.1
116.688 60.1000 39.7
117.189 60.4500 35.5
117.689 60.5400 36.5
118.190 60.5400 39.1
118.691 60.8000 36.5
119.192 60.8900 37.4
119.693 61.1100 35.7
120.194 61.2400 35.8
120.695 61.3800 35.8
121.196 61.5100 35.8
121.697 61.6000 36.6
122.197 61.8200 34.8
122.698 61.8700 36.5
123.199 62.0100 36.3
123.700 62.3300 32.6
124.201 62.2400 37.0
124.702 62.3700 36.8
125.203 62.5600 35.6
125.703 62.7000 35.4
126.203 62.8400 35.2
126.704 62.9800 34.9
127.205 63.0700 35.6
127.706 63.2600 34.4
128.207 63.3100 35.9
128.708 63.5400 33.7
129.209 63.5900 35.3
129.710 63.5400 38.5
130.211 63.7800 36.1
130.712 63.8800 36.5
131.213 63.7800 40.6
131.714 64.2600 33.4
132.214 64.3600 33.9
132.715 64.5000 33.5
133.216 64.5500 35.0
133.717 64.7500 33.5
134.218 64.8500 34.0
134.719 64.8500 36.3
135.220 65.1000 33.8
135.721 65.2400 33.2
136.223 65.3400 33.7
136.723 65.4900 33.1
137.223 65.6000 33.5
137.725 65.7000 33.8
138.225 65.9000 32.2
138.726 65.9500 33.6
139.227 66.1000 32.9
139.727 66.3600 30.2
140.228 66.3100 33.7
140.729 66.5100 31.9
141.230 66.5600 33.2
141.731 66.6200 34.4
142.231 66.8800 31.6
142.732 66.9300 32.8
143.233 66.9800 34.0
143.734 67.1900 32.1
144.235 67.3000 32.3
144.735 67.3500 33.5
145.236 67.4600 33.6
145.737 67.6700 31.6
146.238 67.7200 32.8
146.739 67.8300 32.9
147.240 67.7200 37.0
147.741 67.9900 33.7
148.242 68.1500 32.7
148.743 68.2600 32.7
149.243 68.4300 31.7
149.744 68.5300 31.7
150.245 68.9200 26.5
150.745 69.3100 21.5
151.246 68.7500 34.9
151.746 68.9800 32.6
152.247 69.1400 31.4
152.748 69.1400 33.5
153.249 69.2000 34.4
153.749 69.4200 32.0
154.250 69.4200 34.0
154.751 69.6500 31.6
155.252 69.7100 32.6
155.752 69.7600 33.5
156.253 69.6500 37.6
156.754 70.1000 30.5
157.255 70.0500 33.7
157.756 70.8000 21.2
158.256 70.2200 35.1
158.757 70.3900 33.5
159.258 70.4500 34.3
159.759 70.9200 27.2
160.259 70.4500 38.5
160.760 70.9800 29.9
161.261 70.9800 32.0
161.762 71.1500 30.6
162.263 71.1500 32.7
162.763 71.2100 33.5
163.264 71.0900 37.6
163.766 71.3900 33.5
164.266 71.4500 34.2
164.766 71.8100 29.2
165.267 71.6300 34.8
165.768 71.6900 35.4
166.269 71.9900 31.4
166.770 71.9900 33.4
167.271 72.0500 34.1
167.771 72.4200 28.9
168.272 72.4800 29.9
168.773 72.2400 36.7
169.274 72.4800 33.6
169.775 72.3000 39.0
170.275 72.7300 32.2
170.776 72.6700 35.4
171.277 72.6000 38.3
171.778 72.8500 35.1
172.279 72.9800 34.5
172.779 72.9100 37.5
173.280 73.2300 33.1
173.781 73.2900 33.9
174.282 73.4200 33.3
174.783 73.4800 34.0
175.284 73.4800 35.9
175.785 74.0500 26.6
176.286 79.3600 0.0
176.787 73.8600 42.9
177.287 73.9900 41.5
177.787 74.1800 39.0
178.288 74.0500 42.9
178.789 74.1800 41.6
179.290 74.1800 42.9
179.790 74.0500 46.6
180.291 74.3800 41.4
180.792 74.6400 37.7
181.293 74.7100 38.1
181.793 74.6400 41.0
182.294 74.7700 39.9
182.795 74.9000 38.9
183.296 74.9700 39.2
183.797 74.9000 42.1
184.298 75.2400 37.1
184.798 75.2400 38.9
185.299 75.2400 40.5
185.800 75.3000 40.8
186.301 75.3700 41.1
186.801 75.5000 40.1
187.302 75.7700 36.5
187.803 75.7100 39.7
188.304 75.6400 42.6
188.805 75.8400 40.2
189.305 75.9800 39.3
189.807 75.9800 41.0
190.307 76.1200 40.0
190.808 76.1200 41.7
191.308 76.3200 39.4
191.809 76.3200 41.1
192.310 76.4700 40.1
192.811 76.5300 40.5
193.312 76.6000 40.9
193.812 76.8100 38.5
194.313 76.8100 40.4
194.814 77.0900 36.8
195.315 77.0900 38.8
195.816 77.3100 36.5
196.317 77.3100 38.6
196.818 77.4500 37.7
197.319 77.5200 38.3
197.819 77.3100 44.3
198.320 77.4500 43.0
198.821 77.8100 37.8
199.322 77.5200 45.3
199.823 77.8100 41.2
200.323 77.8100 43.0
200.824 78.0300 40.5
201.325 78.1700 39.5
201.826 78.3200 38.6
202.327 78.4600 37.8
202.827 78.4600 39.8
203.328 78.6900 37.4
203.828 78.5400 42.3
204.329 78.8300 38.3
204.830 78.7600 41.8
205.331 79.3600 32.0
205.832 79.4300 33.0
206.332 78.9800 44.0
206.833 79.1300 42.7
207.334 78.9800 47.3
207.835 80.9900 10.2
208.336 79.3600 45.3
208.837 79.5900 42.4
209.338 79.7400 41.2
209.839 79.7400 43.0
210.340 79.6600 46.1
210.841 79.8900 43.2
211.342 79.9700 43.4
211.843 80.0500 43.6
212.344 80.0500 45.3
212.845 80.2000 43.9
213.346 80.4300 41.2
213.848 80.4300 43.0
214.348 80.2800 47.8
214.848 80.4300 46.3
215.350 80.3600 49.4
215.850 80.7500 43.3
216.351 80.7500 45.1
216.852 80.8300 45.3
217.353 80.9100 45.5
217.854 81.0700 44.2
218.355 81.2300 43.0
218.855 81.3100 43.3
219.356 81.2300 46.7
219.857 81.4700 43.8
220.358 81.3100 48.8
220.859 81.6300 44.1
221.360 81.7900 42.9
221.860 81.7900 44.9
222.361 81.8700 45.1
222.862 82.0300 43.8
223.363 81.9500 47.3
223.864 81.9500 49.0
224.365 81.7100 55.3
224.866 82.2800 45.6
225.366 82.4500 44.3
225.867 82.5300 44.6
226.368 82.3600 49.8
226.869 82.6100 46.6
227.370 82.6100 48.5
227.870 83.0300 42.1
228.371 82.6100 52.4
228.872 83.2000 42.6
229.373 83.2000 44.7
229.873 83.1200 48.4
230.374 83.3700 45.2
230.875 83.2900 48.9
231.376 83.5400 45.7
231.877 83.8000 42.7
232.377 83.7200 46.5
232.878 83.8900 45.1
233.379 83.8000 48.8
233.880 83.8000 50.6
234.381 83.8000 52.3
234.882 84.1500 47.2
235.382 84.2400 47.5
235.883 84.3300 47.7
236.384 84.4100 47.9
236.885 84.6800 44.8
237.386 84.4100 52.0
237.886 84.6800 48.5
238.387 84.7700 48.7
238.888 84.7700 50.6
239.389 84.8600 50.7
239.891 85.1300 47.3
240.391 85.4000 44.1
240.891 85.5800 42.8
241.392 85.2200 52.1
241.893 85.2200 53.8
242.393 85.6700 46.7
242.894 85.7600 47.0
243.395 85.9500 45.5
243.896 85.9500 47.7
244.397 85.9500 49.7
244.898 86.2200 46.3
245.398 86.1300 50.2
245.899 86.6000 43.1
246.400 86.3200 50.8
246.901 86.3200 52.6
247.402 86.7900 45.3
247.902 86.7900 47.5
248.403 86.9800 45.9
248.904 86.9800 48.1
249.405 87.1700 46.5
249.906 87.0700 50.4
250.406 87.2600 48.6
250.907 87.4600 46.9
251.408 87.4600 49.0
251.909 87.7500 45.4
252.410 87.7500 47.6
252.910 87.8500 47.8
253.411 87.8500 49.9
253.912 88.0400 48.0
254.412 88.0400 49.1
254.913 88.1400 47.6
255.413 87.8500 53.8
255.914 88.4400 42.6
256.415 88.4400 43.4
256.916 88.7400 38.4
257.416 88.7400 39.5
257.917 88.3400 48.1
258.418 88.9400 37.0
258.919 88.8400 40.0
259.419 88.8400 40.9
259.920 89.3500 31.9
260.421 89.2400 35.2
260.922 88.9400 42.2
261.423 89.6500 29.0
261.923 89.5500 32.5
262.424 89.7600 29.7
262.925 89.7600 31.0
263.426 89.6500 34.1
263.926 89.8600 31.1
264.427 90.0700 28.2
264.928 90.4900 21.3
265.429 90.2800 27.0
265.929 90.1800 30.2
266.430 90.1800 31.2
266.932 90.6000 23.9
267.432 90.2800 31.3
267.932 90.7000 24.0
268.434 90.8100 23.1
268.934 90.7000 26.4
269.436 91.0300 21.2
269.936 90.9200 24.5
270.436 91.2400 19.3
270.937 91.0300 24.7
271.438 91.1300 23.5
271.939 91.5700 16.1
272.440 91.3500 21.6
272.941 91.4600 20.5
273.441 92.0100 10.9
273.942 91.5700 20.9
274.443 91.7900 17.5
274.944 91.9000 16.4
275.445 91.7900 19.6
275.946 91.7900 20.3
276.446 91.9000 18.9
276.947 91.9000 19.7
277.448 92.1200 16.1
277.949 92.2300 14.8
278.450 92.1200 17.8
278.950 92.3400 14.2
279.451 92.3400 15.1
279.952 91.7900 26.5
280.453 92.1200 20.1
280.953 92.4600 14.0
281.454 92.4600 14.8
281.954 92.6800 11.1
282.455 92.6800 11.9
282.956 92.7900 10.5
283.457 92.7900 11.3
283.958 92.7900 12.0
284.458 92.9100 10.4
284.959 94.0700 0.0
285.460 92.9100 13.7
285.961 92.9100 14.1
286.462 92.9100 14.4
286.962 93.0200 12.5
287.463 93.1400 10.6
287.964 93.1400 11.1
288.465 93.3700 7.0
288.966 93.2500 9.8
289.466 92.9100 16.8
289.968 93.2500 10.1
290.468 93.1400 12.7
290.969 93.3700 8.4
291.470 93.2500 11.0
291.971 93.6000 4.5
292.473 93.2500 11.7
292.973 93.2500 11.8
293.473 93.4800 7.4
293.975 93.6000 5.4
294.475 93.4800 8.1
294.977 93.4800 8.2
295.477 93.2500 12.8
295.977 93.4800 8.2
296.478 93.7200 3.9
296.979 93.6000 6.5
297.480 93.9500 0.0
297.981 93.4800 9.8
298.481 93.7200 5.2
298.982 93.2500 14.3
299.483 93.6000 7.2
299.984 93.6000 7.2
300.485 93.3700 11.7
300.986 93.6000 6.9
301.486 93.6000 6.9
301.987 93.7200 4.6
302.488 93.4800 9.2
302.989 93.8300 2.2
303.490 93.4800 9.1
303.991 93.3700 11.1
304.491 93.6000 6.2
304.992 93.3700 10.6
305.493 93.4800 8.0
305.994 93.6000 5.5
306.494 93.3700 9.8
306.995 93.4800 7.2
307.495 93.2500 11.4
307.996 93.3700 8.7
308.497 93.4800 6.2
308.997 93.7200 1.5
309.498 93.3700 8.3
309.999 93.1400 12.4
310.500 93.3700 7.3
311.001 93.1400 11.5
311.502 93.2500 8.7
312.002 93.2500 8.3
312.503 93.3700 5.7
313.004 92.9100 14.3
313.505 93.2500 6.9
314.006 93.1400 8.8
314.506 93.1400 8.4
315.007 92.6800 16.8
315.508 92.9100 11.5
316.009 93.1400 6.5
316.510 93.1400 6.2
317.011 93.0200 8.2
317.511 93.1400 5.6
318.012 92.9100 9.8
318.513 93.0200 7.1
319.014 92.6800 13.3
319.516 92.6800 12.6
320.016 92.7900 9.7
320.516 92.5700 13.6
321.018 92.7900 8.5
321.518 92.7900 8.1
322.020 92.5700 12.1
322.520 92.6800 9.3
323.020 92.5700 11.0
323.521 92.5700 10.4
324.022 92.4600 12.1
324.523 92.3400 13.6
325.024 92.4600 10.8
325.525 92.1200 16.7
326.025 92.5700 7.2
326.526 92.2300 13.4
327.027 92.0100 17.0
327.528 92.0100 16.1
328.029 92.2300 11.0
328.529 91.9000 17.0
329.030 92.0100 14.0
329.531 91.7900 17.6
330.032 91.6800 18.9
330.533 91.7900 15.8
331.034 92.2300 6.6
331.534 91.7900 15.1
332.035 91.6800 16.5
332.536 91.5700 17.9
333.037 91.4600 19.2
333.537 92.2300 3.5
334.037 91.1300 24.8
334.538 91.2400 21.5
335.039 91.3500 18.4
335.540 91.4600 15.6
336.041 91.7900 8.7
336.542 91.2400 19.1
337.042 91.2400 18.4
337.543 90.6000 30.0
338.044 90.8100 24.5
338.545 90.8100 23.5
339.046 91.0300 18.4
339.547 90.8100 22.0
340.047 90.9200 19.1
340.548 90.9200 18.6
341.049 90.6000 24.2
341.550 90.7000 21.3
342.051 90.7000 20.6
342.551 90.3900 26.1
343.052 89.6500 39.2
343.553 90.6000 19.4
344.054 90.3900 23.1
344.555 90.6000 18.3
345.055 90.2800 24.1
345.557 90.9200 11.2
346.057 90.1800 25.6
346.559 90.1800 24.9
347.059 90.1800 24.2
347.559 89.9700 27.6
348.061 89.8600 28.8
348.561 89.8600 27.9
349.062 89.7600 29.2
349.563 89.7600 28.4
350.064 89.6500 29.6
350.564 89.6500 28.8
351.065 89.5500 30.1
351.566 89.5500 29.3
352.067 89.8600 22.7
352.568 89.5500 28.4
353.068 89.5500 27.8
353.569 89.4500 29.3
354.070 89.3500 30.6
354.571 89.3500 30.0
355.072 89.2400 31.3
355.572 89.2400 30.7
356.073 89.3500 28.1
356.574 89.2400 29.7
357.075 89.8600 17.4
357.576 89.1400 31.5
358.076 89.2400 29.0
358.577 88.4400 44.1
359.078 89.0400 31.2
359.578 89.1400 28.8
360.079 88.9400 32.4
360.579 89.0400 29.9
361.080 88.1400 46.9
361.581 88.8400 32.1
362.082 88.8400 31.7
362.583 88.8400 31.4
363.084 88.9400 29.2
363.584 89.1400 25.1
364.085 88.6400 35.0
364.586 88.7400 32.6
365.087 89.4500 18.6
365.588 88.8400 30.9
366.088 88.6400 34.6
366.589 88.6400 34.1
367.090 88.5400 35.7
367.591 88.5400 35.2
368.092 88.5400 34.8
368.593 88.6400 32.6
369.093 88.4400 36.2
369.594 88.4400 35.8
370.095 88.6400 31.6
370.596 88.6400 31.6
371.098 88.5400 33.5
371.598 88.7400 29.4
372.098 88.7400 29.6
372.600 88.6400 31.6
373.100 88.4400 35.4
373.602 88.9400 25.5
374.102 88.5400 33.6
374.602 88.2400 39.2
375.104 88.5400 33.0
375.604 88.1400 40.6
376.105 88.3400 36.3
376.605 88.4400 34.2
377.106 88.3400 36.0
377.607 88.5400 32.0
378.108 88.2400 37.9
378.609 88.5400 31.9
379.110 88.3400 35.8
379.610 88.0400 41.4
380.111 88.3400 35.3
380.612 88.3400 35.2
381.113 88.4400 33.3
381.614 88.2400 37.2
382.114 88.1400 39.0
382.615 89.2400 17.6
383.116 88.1400 39.9
383.617 88.3400 35.8
384.118 88.1400 39.6
384.618 88.0400 41.2
385.119 88.3400 35.2
385.620 88.4400 33.4
386.120 88.5400 31.6
386.621 88.0400 41.5
387.121 87.9400 43.0
387.622 88.0400 40.8
388.123 88.1400 38.6
388.624 88.2400 36.7
389.125 88.2400 36.7
389.625 88.3400 34.9
0.502 88.3400 1.1
1.003 88.2400 4.5
1.504 88.2400 5.7
2.005 88.3400 5.0
2.505 88.4400 4.4
3.006 88.4400 5.7
3.507 88.6400 3.1
4.008 88.8400 0.7
4.509 88.2400 13.8
5.009 88.4400 10.7
5.510 88.5400 9.7
6.010 88.7400 6.9
6.512 88.6400 10.2
7.012 88.6400 11.2
7.513 88.5400 14.2
8.014 88.4400 16.9
8.514 88.4400 17.0
9.015 88.5400 14.2
9.515 88.3400 17.4
10.016 88.2400 18.5
10.517 88.7400 8.1
11.018 88.1400 19.4
11.519 88.5400 10.9
12.019 88.4400 12.6
12.520 88.6400 8.3
13.021 88.4400 12.1
13.522 88.9400 2.2
14.023 88.4400 12.2
14.523 88.5400 10.0
15.024 88.5400 9.8
15.525 88.4400 11.6
16.026 89.0400 0.0
16.527 88.4400 12.0
17.027 88.3400 13.6
17.527 87.7500 24.6
18.029 88.3400 12.1
18.529 88.6400 6.2
19.031 88.3400 12.1
19.531 88.3400 11.9
20.031 88.4400 9.8
20.533 88.1400 15.5
21.034 88.3400 11.3
21.535 88.4400 9.3
22.035 88.2400 13.2
22.536 88.0400 16.7
23.037 87.7500 21.9
23.538 88.0400 15.4
24.039 88.1400 13.2
24.540 88.1400 13.1
25.040 87.7500 20.5
25.541 88.2400 10.4
26.042 87.9400 16.2
26.543 88.1400 12.1
27.044 87.9400 15.8
27.544 87.8500 17.5
28.045 87.4600 24.6
28.546 87.7500 18.1
29.047 87.9400 14.0
29.548 87.5500 21.4
30.049 87.8500 15.2
30.549 87.9400 13.2
31.050 87.5500 20.8
31.551 87.8500 14.7
32.052 87.6500 18.4
32.553 87.7500 16.2
33.053 87.5500 19.8
33.554 87.4600 21.3
34.055 87.7500 15.3
34.556 87.4600 20.9
35.056 87.6500 16.7
35.557 87.3600 22.2
36.057 87.5500 18.0
36.558 87.4600 19.8
37.059 86.8800 30.5
37.560 87.3600 20.3
38.060 87.1700 23.8
38.561 87.2600 21.5
39.062 87.3600 19.3
39.563 87.1700 22.9
40.064 87.0700 24.4
40.565 87.2600 20.2
41.065 87.1700 22.0
41.566 87.0700 23.6
42.067 86.9800 25.1
42.568 86.8800 26.4
43.068 86.9800 24.1
43.568 86.9800 23.8
44.070 86.9800 23.5
44.570 86.8800 25.1
45.072 87.1700 19.3
45.572 87.5500 12.0
46.072 86.7900 27.3
46.574 86.7900 26.8
47.075 86.6900 28.2
47.576 86.6900 27.7
48.077 86.7900 25.5
48.578 86.5000 30.6
49.078 86.3200 33.6
49.579 85.6700 45.3
50.080 86.5000 27.7
50.581 86.6000 25.6
51.081 86.8800 20.0
51.582 86.4100 29.4
52.083 86.5000 27.2
52.584 86.4100 28.8
53.085 86.3200 30.3
53.586 86.5000 26.4
54.086 86.5000 26.3
54.587 86.0400 35.2
55.088 86.3200 29.2
55.589 86.4100 27.2
56.090 86.1300 32.5
56.590 86.4100 26.7
57.091 86.4100 26.7
57.592 86.4100 26.7
58.093 86.1300 32.1
58.594 86.2200 30.0
59.094 86.3200 28.1
59.594 86.0400 33.4
60.096 86.1300 31.2
60.597 86.5000 23.9
61.098 86.1300 31.4
61.598 86.1300 31.2
62.098 86.2200 29.2
62.599 85.9500 34.5
63.100 86.0400 32.4
63.601 85.9500 34.0
64.102 86.1300 30.1
64.603 85.7600 37.2
65.103 85.9500 33.2
65.604 85.9500 33.0
66.105 86.0400 31.1
66.606 86.1300 29.3
67.106 85.9500 33.0
67.607 85.8500 34.6
68.108 85.8500 34.4
68.609 85.9500 32.5
69.110 86.0400 30.7
69.611 85.8500 34.3
70.111 85.7600 36.0
70.611 86.0400 30.4
71.113 85.6700 37.7
71.613 85.8500 33.8
72.115 85.8500 33.8
72.615 85.9500 32.0
73.115 85.8500 33.9
73.617 85.3100 44.4
74.118 85.8500 33.1
74.619 85.8500 33.2
75.120 85.8500 33.4
75.620 87.4600 2.7
76.121 86.0400 32.2
76.622 85.8500 35.9
77.123 85.9500 34.0
77.624 86.0400 32.2
78.124 86.2200 28.8
78.625 86.2200 29.3
79.126 86.1300 31.4
79.627 86.0400 33.4
80.127 86.0400 33.5
80.628 85.8500 37.2
81.129 86.0400 33.5
81.630 85.6700 40.7
82.131 86.0400 33.2
82.631 86.2200 29.8
83.132 86.1300 32.0
83.633 86.3200 28.7
84.134 86.0400 34.6
84.635 86.1300 32.9
85.136 86.2200 31.3
85.636 86.7900 20.8
86.137 86.4100 29.1
86.638 86.2200 33.2
87.139 86.2200 33.4
87.639 86.3200 31.8
88.140 86.1300 35.6
88.640 86.4100 30.3
89.141 86.3200 32.5
89.642 86.5000 29.1
90.143 86.2200 35.0
90.644 86.5000 29.7
91.144 86.5000 30.2
91.645 86.9800 21.5
92.146 86.5000 31.6
92.647 85.2200 56.7
93.148 86.5000 30.4
93.649 86.5000 30.9
94.149 86.5000 31.3
94.650 86.4100 33.5
95.151 86.6000 30.1
95.652 86.6900 28.7
96.152 86.6000 31.1
96.652 86.6000 31.5
97.154 86.7900 28.2
97.654 86.0400 43.2
98.156 86.6900 30.1
98.656 86.8800 27.0
99.156 86.7900 29.5
99.658 86.8800 28.2
100.159 87.2600 21.4
100.660 86.8800 29.8
101.161 86.9800 28.4
101.661 86.6000 36.2
102.162 86.8800 30.8
102.663 86.9800 29.3
103.164 86.9800 29.8
103.665 87.1700 26.6
104.165 87.1700 27.2
104.666 87.1700 27.8
105.167 86.9800 32.1
105.668 87.0700 30.5
106.169 87.0700 30.8
106.670 87.0700 31.2
107.170 87.0700 31.5
107.671 85.7600 57.0
108.172 87.1700 28.4
108.673 87.1700 29.0
109.174 87.2600 27.6
109.674 87.2600 28.2
110.175 87.5500 23.2
110.676 87.3600 27.9
111.177 88.0400 15.3
111.678 87.3600 29.8
112.179 87.0700 35.7
112.679 87.3600 30.2
113.180 87.4600 28.7
113.681 87.5500 27.3
114.181 87.5500 27.8
114.682 87.4600 30.2
115.183 87.7500 24.9
115.683 87.4600 31.2
116.184 87.6500 27.7
116.685 87.7500 26.3
117.186 87.5500 30.6
117.686 87.6500 29.1
118.187 87.9400 23.8
118.688 87.4600 33.9
119.189 87.7500 28.3
119.690 87.7500 28.7
120.191 87.7500 29.1
120.691 87.7500 29.5
121.192 87.7500 29.8
121.693 87.8500 28.2
122.193 87.7500 30.5
122.695 87.6500 32.6
123.195 87.8500 28.9
123.695 87.7500 31.2
124.197 87.9400 27.6
124.697 88.7400 12.8
125.199 88.0400 27.7
125.700 87.9400 29.9
126.200 88.2400 24.5
126.701 87.9400 30.8
127.202 87.8500 32.8
127.703 88.2400 25.3
128.204 87.7500 35.3
128.704 88.4400 21.9
129.205 88.3400 24.6
129.706 88.2400 27.1
130.207 88.1400 29.4
130.708 88.2400 27.7
131.209 88.3400 26.1
131.709 88.3400 26.6
132.210 87.9400 34.6
132.711 88.6400 21.1
133.212 88.6400 21.9
133.713 88.3400 28.4
134.214 88.5400 24.8
134.715 88.2400 31.0
135.215 88.2400 31.1
135.717 88.2400 31.1
136.217 88.5400 25.4
136.718 88.3400 29.7
137.219 89.0400 16.4
137.719 88.4400 29.1
138.221 88.6400 25.4
138.721 88.5400 27.7
139.222 88.4400 29.9
139.723 88.2400 33.8
140.223 89.5500 8.4
140.724 88.6400 27.6
141.225 88.3400 33.6
141.725 88.6400 27.6
142.226 88.6400 27.9
142.727 88.7400 26.2
143.228 88.5400 30.3
143.728 88.8400 24.6
144.229 88.4400 32.7
144.730 89.5500 11.2
145.231 88.5400 32.0
145.732 88.5400 31.9
146.233 88.7400 28.0
146.733 88.8400 26.2
147.234 88.6400 30.4
147.735 88.7400 28.4
0.502 88.7400 2.1
1.003 88.7400 5.0
1.504 88.6400 11.5
2.004 89.3500 0.0
2.505 88.5400 21.6
3.006 88.8400 11.8
3.507 88.7400 17.9
4.007 88.6400 23.6
4.508 88.6400 25.1
5.009 88.5400 30.3
5.509 88.7400 23.9
6.010 87.9400 55.4
6.510 88.7400 23.8
7.011 88.5400 30.2
7.512 88.8400 17.2
8.013 88.6400 24.2
8.514 88.6400 23.1
9.015 88.9400 10.7
9.515 88.5400 25.8
10.016 88.8400 13.3
10.517 88.7400 16.9
11.018 88.7400 16.4
11.518 88.6400 19.8
12.019 88.7400 15.4
12.520 88.5400 22.6
13.021 88.8400 10.5
13.522 88.8400 10.6
14.023 88.7400 14.5
14.523 88.6400 18.0
15.024 88.9400 6.2
15.525 88.6400 18.1
16.026 88.5400 21.4
16.527 88.5400 20.7
17.027 88.6400 16.3
17.528 88.6400 16.1
18.029 88.4400 23.4
18.530 88.5400 18.9
19.031 88.2400 29.7
19.532 88.6400 13.5
20.032 88.3400 24.8
20.533 88.4400 20.3
21.034 88.3400 23.6
21.535 88.1400 30.4
22.036 88.1400 29.2
22.536 88.2400 24.5
23.037 88.8400 1.3
23.538 88.3400 21.2
24.039 87.2600 61.2
24.540 87.9400 32.3
25.041 88.0400 27.5
25.541 88.4400 11.9
26.042 88.1400 23.5
26.543 88.0400 26.8
27.044 88.2400 18.8
27.544 87.9400 29.9
28.045 88.0400 25.3
28.546 88.0400 24.9
29.047 87.8500 31.8
29.548 87.7500 34.6
30.048 87.8500 29.8
30.549 87.8500 29.1
31.050 87.6500 35.8
31.551 87.8500 27.4
32.051 87.7500 30.6
32.552 87.7500 29.9
33.052 87.8500 25.6
33.553 87.6500 32.7
34.054 87.7500 28.3
34.555 87.6500 31.6
35.056 87.7500 27.3
35.556 87.5500 34.3
36.057 87.7500 26.1
36.558 87.5500 33.3
37.059 87.6500 29.0
37.560 87.7500 25.0
38.061 87.6500 28.6
38.561 87.6500 28.3
39.062 87.6500 28.1
39.563 87.5500 31.5
40.064 87.5500 31.0
40.565 87.9400 15.9
41.066 87.7500 24.0
41.566 87.5500 31.4
42.067 87.6500 27.4
42.568 86.7900 59.7
43.068 88.0400 10.0
43.570 87.7500 22.3
44.070 88.3400 0.5
44.571 87.8500 20.9
45.072 87.4600 35.9
45.573 87.8500 20.6
46.074 88.1400 9.9
46.575 87.9400 18.5
47.075 87.7500 26.4
47.576 87.9400 19.0
48.077 87.7500 26.9
48.578 87.7500 26.8
49.079 87.9400 19.4
49.580 87.5500 34.6
50.081 88.0400 15.6
50.581 87.9400 20.1
51.082 87.9400 20.5
51.583 87.8500 24.6
52.084 88.2400 9.9
52.584 87.7500 29.6
53.085 87.8500 25.6
53.586 87.9400 22.0
54.087 87.8500 25.9
54.588 87.9400 22.3
55.089 88.2400 11.4
55.590 87.9400 23.6
56.090 87.6500 34.8
56.591 87.9400 23.1
57.092 87.2600 48.9
57.592 87.8500 25.3
58.093 87.8500 25.4
58.594 87.0700 54.6
59.094 87.7500 27.1
59.595 87.3600 41.7
60.096 87.6500 29.8
60.597 87.8500 22.3
61.098 87.2600 44.6
61.599 87.6500 28.9
62.100 87.6500 28.9
62.600 87.3600 39.8
63.101 87.9400 17.1
63.602 87.5500 32.6
64.103 87.6500 28.8
64.604 87.4600 36.1
65.105 87.4600 35.6
65.605 87.4600 35.1
66.106 87.5500 31.1
66.607 87.7500 23.7
67.108 87.7500 24.2
67.609 87.8500 21.0
68.110 87.8500 21.7
68.611 87.5500 33.3
69.112 87.9400 18.4
69.612 87.6500 30.3
70.113 87.8500 22.9
70.614 88.0400 16.1
71.115 87.8500 24.4
71.616 87.7500 28.5
72.117 87.7500 28.6
72.618 87.9400 21.3
73.118 87.6500 33.0
73.619 87.6500 32.7
74.120 87.8500 25.1
74.621 87.9400 21.8
75.121 87.9400 22.4
75.622 87.8500 26.6
76.123 87.9400 23.2
76.624 87.9400 23.7
77.125 87.7500 31.5
77.625 87.9400 24.0
78.126 88.0400 20.7
78.627 87.9400 25.1
79.128 87.5500 40.0
79.629 87.7500 31.9
80.130 87.8500 28.1
80.630 87.8500 28.2
81.131 87.6500 35.7
81.632 88.1400 16.9
82.133 88.1400 17.9
82.634 87.9400 26.2
83.134 88.0400 22.7
83.634 87.9400 27.0
84.135 88.0400 23.5
84.636 88.3400 12.8
85.137 88.3400 14.0
85.638 87.9400 30.0
86.138 87.9400 29.9
86.639 88.4400 11.3
87.140 87.9400 31.2
87.641 88.1400 23.6
88.142 88.1400 24.0
88.642 87.9400 31.8
89.143 88.1400 24.1
89.644 87.8500 35.6
90.145 88.1400 24.0
90.646 88.0400 28.1
91.146 88.2400 20.7
91.647 87.6500 43.5
92.148 87.9400 31.4
92.649 87.9400 31.2
93.150 88.4400 12.6
93.650 88.3400 17.6
94.151 88.2400 22.2
94.652 89.8600 0.0
95.153 88.1400 31.6
95.654 88.1400 31.3
96.155 87.9400 38.4
96.656 88.3400 22.8
97.156 88.1400 30.6
97.657 88.2400 26.7
98.158 88.0400 34.3
98.659 88.7400 7.7
99.160 88.3400 24.2
99.661 88.2400 28.2
100.161 88.4400 20.8
100.662 88.0400 36.2
101.163 88.1400 31.9
101.664 88.7400 9.1
102.165 88.2400 29.3
102.666 88.1400 32.9
103.166 88.1400 32.6
103.667 88.3400 24.8
104.168 88.0400 36.2
104.669 88.2400 28.2
105.170 88.2400 28.3
105.671 88.4400 20.8
106.172 88.3400 25.2
106.672 88.1400 32.9
107.173 88.3400 25.1
107.674 88.2400 29.1
108.175 88.5400 17.9
108.675 88.4400 22.5
109.176 87.9400 41.5
109.676 88.4400 22.0
110.177 88.5400 18.7
110.678 88.4400 23.2
111.179 88.1400 34.8
111.680 88.3400 26.9
112.180 88.4400 23.3
112.681 88.4400 23.7
113.182 88.2400 31.6
113.683 87.9400 42.5
114.184 88.2400 30.3
114.685 87.8500 45.1
115.185 88.0400 36.5
115.686 88.4400 21.1
116.187 88.2400 29.3
116.688 88.5400 18.1
117.189 88.6400 15.2
117.690 88.3400 27.6
118.191 88.6400 16.4
118.691 88.7400 13.7
119.192 87.8500 48.4
119.693 88.5400 20.9
120.193 88.5400 21.5
120.695 88.4400 25.9
121.196 88.6400 18.6
121.696 88.5400 23.1
122.197 88.6400 19.8
122.698 88.5400 24.2
123.199 88.6400 20.8
123.700 87.9400 47.5
124.201 88.0400 42.4
124.702 88.6400 19.0
125.203 88.6400 19.7
125.703 88.6400 20.4
126.204 88.7400 17.3
126.705 88.5400 25.7
127.206 88.1400 40.9
127.707 88.5400 25.0
128.207 88.5400 25.3
128.708 88.7400 18.1
129.209 88.6400 22.6
129.710 88.8400 15.5
130.211 88.6400 24.1
130.712 88.8400 16.8
131.212 88.7400 21.5
131.713 88.8400 18.2
132.214 88.9400 15.1
132.715 88.6400 27.4
133.215 88.4400 34.9
133.716 88.7400 23.1
134.217 88.8400 19.6
134.717 88.8400 20.2
135.218 88.5400 32.1
135.719 88.7400 24.2
136.220 88.8400 20.7
136.720 88.6400 28.7
137.221 88.7400 24.9
137.722 88.3400 40.1
138.223 88.7400 24.1
138.724 88.7400 24.4
139.225 88.6400 28.4
139.725 88.7400 24.6
140.226 88.5400 32.4
140.727 88.6400 28.3
141.228 89.1400 9.3
141.729 88.3400 40.9
142.229 88.5400 32.4
142.730 88.9400 17.0
143.231 88.8400 21.6
143.732 88.6400 29.6
144.233 88.5400 33.2
144.734 89.1400 10.1
145.234 88.6400 30.4
145.735 88.8400 22.7
146.236 88.1400 49.3
146.737 88.6400 29.0
147.238 88.7400 25.2
147.738 88.5400 33.0
148.239 88.4400 36.4
148.740 88.8400 20.7
149.241 88.6400 28.9
149.741 88.6400 28.9
0.501 88.4400 17.1
1.002 88.8400 3.8
1.503 88.7400 10.4
