# time_s  celsius  duty_pct
6.511 28.6700 2.3
7.012 28.6500 2.7
7.513 28.7100 2.3
8.013 28.6700 2.9
8.514 28.6700 3.2
9.015 28.6700 3.4
9.516 28.6200 4.0
10.017 28.6700 3.9
10.517 28.6200 4.5
11.018 28.6500 4.6
11.519 28.6200 5.1
12.020 28.6200 5.3
12.521 28.6000 5.8
13.022 28.5100 6.8
13.522 28.6500 6.0
14.023 28.6700 6.1
14.524 28.6200 6.8
15.025 28.5800 7.5
15.526 28.5800 7.8
16.027 28.6500 7.5
16.527 28.6200 8.1
17.028 28.6200 8.4
17.529 28.6500 8.6
18.030 28.6900 8.5
18.531 28.7100 8.7
19.032 28.7600 8.7
19.533 28.6900 9.7
20.033 28.7100 9.9
20.534 28.7100 10.3
21.035 28.7600 10.3
21.536 28.6500 11.7
22.037 28.7800 10.9
22.537 28.8000 11.2
23.038 28.8300 11.4
23.538 28.7800 12.3
24.039 28.7800 12.7
24.540 28.8500 12.6
25.041 28.8700 12.8
25.541 28.9200 12.9
26.042 28.9200 13.4
26.543 28.9200 13.9
27.044 28.9600 14.0
27.545 29.0300 13.9
28.046 29.0500 14.2
28.547 29.1000 14.4
29.048 29.1000 14.9
29.548 29.0800 15.7
30.049 29.1900 15.2
30.550 29.1700 16.0
31.051 29.3100 15.4
31.552 29.2800 16.1
32.053 29.3700 15.9
32.553 29.3700 16.5
33.054 29.4600 16.4
33.555 29.5300 16.4
34.056 29.5100 17.2
34.557 29.6500 16.7
35.058 29.6900 16.9
35.559 29.7600 17.0
36.059 29.8100 17.3
36.560 29.9000 17.2
37.061 29.9200 17.7
37.562 30.0200 17.6
38.063 30.0400 18.1
38.563 30.0800 18.4
39.064 30.2200 17.9
39.565 30.2900 18.0
40.066 30.4100 17.8
40.567 30.3800 18.7
41.068 30.5700 17.9
41.568 30.6400 18.1
42.069 30.6600 18.7
42.570 30.7800 18.4
43.071 30.9200 18.0
43.572 30.9600 18.4
44.072 31.0800 18.3
44.573 31.2000 18.1
45.074 31.2700 18.3
45.575 31.3800 18.2
46.076 31.5000 18.0
46.577 31.6200 17.9
47.077 31.6400 18.5
47.578 31.8300 17.8
48.079 31.9000 18.1
48.580 32.2100 16.4
49.080 32.1400 17.9
49.580 32.2300 18.0
50.081 32.3700 17.7
50.582 32.5100 17.4
51.083 32.6100 17.5
51.584 32.7300 17.4
52.085 32.8200 17.5
52.585 33.0100 16.9
53.086 33.2500 15.8
53.587 33.2500 16.8
54.088 33.4200 16.3
54.589 33.5400 16.3
55.089 33.6400 16.4
55.590 33.7800 16.2
56.091 33.9500 15.7
56.592 34.1000 15.5
57.093 34.2400 15.2
57.593 34.3200 15.6
58.094 34.4600 15.4
58.595 34.6100 15.1
59.096 34.7100 15.3
59.597 34.9300 14.4
60.098 35.0000 14.8
60.598 35.2500 13.8
61.099 35.3700 13.8
61.600 35.5400 13.3
62.101 35.6400 13.5
62.602 35.7700 13.5
63.103 35.8900 13.5
63.604 36.0200 13.5
64.104 36.2700 12.4
64.605 36.3900 12.4
65.106 36.5400 12.2
65.607 36.7400 11.5
66.108 36.8500 11.7
66.608 37.0200 11.3
67.109 37.2300 10.6
67.610 37.3600 10.6
68.111 37.5100 10.4
68.612 37.6900 9.9
69.112 37.8900 9.3
69.613 37.9500 9.9
70.114 38.1300 9.5
70.615 38.2600 9.4
71.116 38.4400 9.0
71.617 38.5400 9.2
72.117 38.7000 8.9
72.618 38.8800 8.4
73.119 39.0100 8.3
73.620 39.1200 8.5
74.121 39.3000 8.0
74.621 39.4100 8.1
75.122 39.5900 7.6
75.622 39.7300 7.5
76.123 39.8900 7.2
76.624 40.0500 6.9
77.124 40.1800 6.8
77.625 40.2600 7.1
78.126 40.4000 7.0
78.627 40.5900 6.4
79.128 40.7500 6.1
79.629 40.8900 5.9
80.129 40.9900 6.0
80.630 41.2400 5.0
81.131 41.2700 5.8
81.632 41.4300 5.4
82.133 41.6000 5.0
82.634 41.6800 5.3
83.135 41.8700 4.6
83.635 41.9900 4.7
84.136 41.9900 5.7
84.637 42.1300 5.4
85.138 42.1000 6.6
85.639 42.4900 4.2
86.140 42.5500 4.7
86.640 42.7100 4.2
87.141 42.8300 4.2
87.642 42.9400 4.2
88.143 43.1400 3.5
88.644 43.1700 4.2
89.145 43.2500 4.5
89.645 43.3400 4.6
90.146 43.5100 4.1
90.647 43.7700 2.8
91.148 43.8000 3.5
91.649 43.8900 3.7
92.149 43.9200 4.4
92.650 44.0300 4.3
93.151 44.1800 3.9
93.652 44.2900 3.8
94.153 44.3800 4.0
94.654 44.5000 3.9
95.154 44.6500 3.5
95.655 44.6800 4.2
96.156 44.7300 4.5
96.657 44.8200 4.6
97.158 44.9700 4.2
97.658 44.9400 5.3
98.159 45.1800 4.1
98.660 45.2700 4.2
99.161 45.4500 3.5
99.662 45.4800 4.1
100.163 45.5700 4.2
100.663 45.5700 5.0
101.163 45.6600 5.1
101.664 45.7800 4.8
102.165 45.8700 4.9
102.666 45.9600 4.9
103.167 46.0500 5.0
103.667 46.0800 5.5
104.168 46.2300 5.0
104.669 46.3500 4.8
105.170 46.4100 5.1
105.671 46.4100 5.9
106.172 46.5400 5.6
106.673 46.4100 7.4
107.174 46.6600 6.0
107.674 46.7500 6.0
108.175 46.7500 6.8
108.676 46.8400 6.8
109.177 47.0000 6.2
109.678 47.0000 7.0
110.179 47.0600 7.2
110.679 47.1200 7.4
111.180 47.2800 6.8
111.681 47.3100 7.3
112.182 47.0900 9.9
112.683 47.5300 6.9
113.184 47.5000 7.9
113.684 47.5600 8.2
114.185 47.6200 8.4
114.686 47.5600 9.6
115.187 47.7800 8.5
115.688 47.7500 9.5
116.188 47.9100 8.8
116.689 48.0300 8.5
117.190 48.0300 9.3
117.691 48.1000 9.5
118.192 48.1300 9.9
118.693 48.1900 10.1
119.193 48.2200 10.6
119.694 48.3200 10.5
120.195 48.4500 10.1
120.696 48.4500 10.9
121.197 48.6100 10.2
121.698 48.6100 11.0
122.198 48.6400 11.4
122.699 48.7700 11.1
123.200 48.8000 11.6
123.701 48.8600 11.7
124.202 48.9000 12.2
124.702 48.8600 13.2
125.203 49.0300 12.5
125.704 49.0600 12.9
126.205 49.1900 12.6
126.705 49.2200 13.0
127.206 49.2500 13.5
127.706 49.2500 14.2
128.207 49.4800 13.0
128.708 49.4200 14.3
129.209 49.5200 14.2
129.710 49.6100 14.1
130.211 49.6500 14.5
130.712 49.7500 14.4
131.212 49.8100 14.6
131.713 49.8800 14.8
132.214 49.9500 15.0
132.715 50.0400 14.9
133.216 50.1400 14.8
133.717 50.1400 15.6
134.218 50.2800 15.2
134.719 50.3800 15.2
135.220 50.4500 15.4
135.721 50.4800 15.9
136.221 50.5800 15.8
136.722 50.7200 15.4
137.223 50.7800 15.7
137.724 50.8200 16.2
138.225 50.9500 15.8
138.726 50.9200 16.9
139.226 50.9900 17.1
139.727 51.1200 16.8
140.228 51.2300 16.7
140.729 51.2300 17.5
141.230 51.3300 17.4
141.731 51.4700 17.0
142.231 51.5000 17.6
142.732 51.6000 17.5
143.233 51.7100 17.4
143.734 51.8500 17.1
144.235 51.9500 17.0
144.736 51.9200 18.2
145.236 52.0900 17.5
145.737 52.2300 17.1
146.238 52.2000 18.3
146.739 52.4800 16.8
147.240 52.5500 17.0
147.740 52.5500 17.9
148.241 52.6900 17.6
148.742 52.7300 18.1
149.243 52.9000 17.5
149.744 53.0100 17.4
150.245 53.1900 16.8
150.746 53.2300 17.4
151.246 53.3700 17.1
151.747 53.3700 18.0
152.247 53.5500 17.4
152.748 53.6600 17.3
153.249 53.7300 17.6
153.750 53.8100 17.9
154.250 53.9500 17.6
154.751 54.0300 17.8
155.252 54.3200 16.2
155.753 54.3200 17.2
156.254 54.4300 17.2
156.754 54.6200 16.5
157.255 54.7700 16.2
157.756 54.8400 16.6
158.257 54.9200 16.9
158.758 54.9900 17.1
159.259 55.1400 16.8
159.759 55.2900 16.5
160.260 55.4500 16.1
160.761 55.5200 16.4
161.262 55.5600 17.1
161.763 55.7100 16.7
162.264 55.7900 17.0
162.764 55.9800 16.3
163.265 56.1000 16.2
163.766 56.1800 16.5
164.267 56.3300 16.1
164.768 56.4900 15.8
165.268 56.5300 16.4
165.769 56.7200 15.7
166.270 56.8400 15.7
166.771 57.0000 15.3
167.272 57.2000 14.6
167.773 57.2400 15.2
168.273 57.2800 15.9
168.774 58.0900 10.1
169.275 57.6800 14.6
169.776 57.6800 15.6
170.277 57.8800 14.8
170.777 57.9700 15.1
171.278 58.0900 15.0
171.779 58.2500 14.5
172.280 58.3300 14.8
172.781 58.5400 14.0
173.281 58.5800 14.6
173.782 58.7500 14.2
174.283 58.8700 14.1
174.784 59.0800 13.3
175.285 59.2100 13.2
175.786 59.3300 13.1
176.286 59.4200 13.4
176.787 59.5000 13.7
177.288 59.6300 13.5
177.788 59.6700 14.1
178.289 59.8900 13.2
178.790 60.1000 12.4
179.290 60.2300 12.3
179.791 60.4100 11.8
180.292 51.9500 83.4
180.793 60.5800 9.3
181.294 60.7500 9.1
181.794 60.8000 10.0
182.295 60.9800 9.7
182.796 61.0200 10.6
183.297 61.2000 10.2
183.798 61.2900 10.6
184.299 61.2900 11.7
184.799 61.6400 9.8
185.300 61.6400 10.9
185.801 61.7300 11.2
186.302 61.9200 10.7
186.803 62.1000 10.2
187.304 62.1900 10.5
187.804 62.2800 10.7
188.305 62.4200 10.6
188.806 62.3700 12.0
189.307 62.6500 10.6
189.808 62.8800 9.6
190.309 62.9300 10.3
190.810 63.0700 10.1
191.310 63.1600 10.3
191.811 63.3500 9.7
192.312 63.4500 9.8
192.813 63.5900 9.6
193.314 63.5900 10.6
193.815 63.6900 10.7
194.315 63.8300 10.4
194.816 64.0200 9.7
195.317 64.1700 9.4
195.818 64.3600 8.8
196.319 64.3100 10.2
196.820 64.4100 10.2
197.321 64.6500 9.1
197.821 64.7000 9.6
198.322 64.8500 9.3
198.823 64.9000 9.8
199.324 64.9000 10.7
199.825 65.1000 9.9
200.326 65.2400 9.5
200.826 65.3900 9.1
201.327 65.4400 9.6
201.828 65.5400 9.7
202.329 65.7500 8.8
202.830 65.9000 8.5
203.330 65.9500 9.0
203.830 66.1000 8.6
204.331 66.1000 9.5
204.832 66.1500 9.9
205.333 66.4600 8.2
205.834 66.5100 8.6
206.334 66.4600 9.9
206.835 66.6700 9.0
207.336 66.7200 9.5
207.837 66.8200 9.4
208.338 66.9300 9.4
208.839 66.9800 9.8
209.339 67.0300 10.2
209.840 67.1400 10.1
210.341 67.1400 10.9
210.842 67.5600 8.1
211.343 67.5100 9.5
211.843 67.5600 9.9
212.344 67.6200 10.2
212.845 67.9400 8.3
213.346 67.5100 12.8
213.847 67.7800 11.2
214.348 67.9900 10.2
214.848 68.1500 9.7
215.349 68.2600 9.6
215.850 68.3200 10.0
216.351 68.3200 10.8
216.852 68.3700 11.1
217.352 68.4300 11.4
217.853 68.7000 9.9
218.354 68.3200 13.9
218.855 68.6400 11.8
219.356 68.8700 10.7
219.857 68.9200 11.1
220.357 68.9800 11.4
220.858 69.0900 11.3
221.359 69.0300 12.5
221.860 69.2500 11.4
222.361 69.3100 11.7
222.862 69.3700 12.0
223.363 69.3700 12.8
223.863 69.5400 12.1
224.364 69.7100 11.5
224.865 69.6500 12.8
225.366 69.7100 13.0
225.867 69.8800 12.4
226.368 69.9300 12.7
226.868 70.0500 12.5
227.369 70.0500 13.3
227.870 70.0500 14.0
228.371 70.3300 12.3
228.872 70.1600 14.6
229.372 70.2800 14.3
229.872 70.2800 15.1
230.373 70.5100 13.8
230.874 70.5100 14.6
231.375 70.6800 13.9
231.875 100.1400 0.0
232.376 70.7400 27.2
232.877 70.8600 25.8
233.378 70.9800 24.6
233.879 70.9800 24.4
234.379 71.0300 23.8
234.880 71.0300 23.8
235.381 71.0900 23.4
235.882 71.2100 22.5
236.383 71.5700 19.7
236.884 71.4500 21.1
237.384 71.4500 21.4
237.885 71.6900 19.7
238.386 71.5700 21.2
238.887 71.7500 20.1
239.388 71.7500 20.5
239.888 71.8700 20.0
240.389 71.9900 19.5
240.890 72.1100 19.1
241.391 72.3000 18.2
241.892 72.1700 19.8
242.392 72.1700 20.4
242.893 72.3000 20.0
243.394 72.4200 19.6
243.895 72.5400 19.2
244.396 72.4800 20.4
244.897 72.6700 19.5
245.398 72.7900 19.2
245.898 72.9800 18.4
246.399 73.0400 18.6
246.900 72.9800 19.9
247.401 73.1000 19.6
247.902 73.2900 18.8
248.403 73.3500 19.0
248.904 73.4800 18.7
249.404 73.5400 19.0
249.905 73.6700 18.7
250.406 73.7300 19.0
250.907 73.8600 18.7
251.408 73.9300 19.0
251.909 74.0500 18.8
252.409 74.1800 18.5
252.910 74.3100 18.3
253.411 74.3100 19.1
253.912 74.3100 19.9
254.413 74.6400 18.0
254.913 74.7100 18.3
255.413 74.9000 17.6
255.914 74.9000 18.4
256.415 75.1000 17.6
256.916 75.1000 18.6
257.417 75.3000 17.7
257.917 75.1700 19.7
258.418 75.3000 19.4
258.919 75.5000 18.6
259.420 75.5000 19.4
259.921 75.5700 19.7
260.421 75.7700 18.8
260.922 75.8400 19.1
261.423 76.0500 18.3
261.924 76.0500 19.2
262.425 76.4700 16.5
262.926 76.3200 18.7
263.426 76.6700 16.6
263.927 76.6700 17.6
264.428 76.9500 16.2
264.929 76.9500 17.1
265.430 79.4300 0.0
265.931 77.0200 19.4
266.432 77.4500 16.6
266.933 77.3800 18.1
267.433 77.5900 17.1
267.934 77.5900 18.0
268.435 77.8100 17.1
268.936 77.8800 17.3
269.437 77.8800 18.2
269.937 77.9500 18.4
270.438 78.3900 15.6
270.939 78.3900 16.6
271.440 78.4600 16.8
271.941 78.4600 17.7
272.442 78.5400 18.0
272.942 78.6900 17.6
273.443 78.7600 17.8
273.944 79.0600 16.2
274.445 79.0600 17.1
274.945 79.2100 16.7
275.446 79.2800 17.0
275.947 79.4300 16.6
276.448 79.4300 17.5
276.949 79.6600 16.4
277.450 79.8200 16.1
277.951 79.9700 15.7
278.451 79.8900 17.3
278.952 80.2800 14.9
279.453 80.2800 15.8
279.954 80.4300 15.5
280.455 80.3600 17.0
280.955 80.7500 14.6
281.455 80.6700 16.2
281.956 80.8300 15.8
282.457 80.8300 16.7
282.958 81.0700 15.6
283.458 81.1500 15.8
283.959 81.2300 16.0
284.460 81.4700 14.9
284.961 81.3900 16.5
285.462 81.8700 13.3
285.963 81.4700 17.7
286.464 81.7100 16.4
286.964 81.8700 15.9
287.465 81.8700 16.8
287.966 82.1200 15.6
288.467 82.2800 15.1
288.968 82.1200 17.4
289.468 82.3600 16.1
289.969 82.7800 13.5
290.470 82.7000 15.2
290.971 82.8600 14.7
291.472 82.8600 15.6
291.973 82.8600 16.4
292.473 83.1200 15.2
292.974 83.2000 15.3
293.475 83.2900 15.5
293.976 83.3700 15.7
294.477 83.6300 14.4
294.978 83.6300 15.3
295.478 83.6300 16.1
295.979 83.6300 17.0
296.480 83.8000 16.3
296.981 84.1500 14.3
297.481 84.0600 15.9
297.982 84.2400 15.3
298.483 84.5000 13.9
298.984 84.3300 16.4
299.485 84.4100 16.4
299.986 84.5000 16.5
300.487 83.1200 28.9
300.987 84.8600 14.6
301.488 84.9500 14.8
301.989 85.2200 13.5
302.490 85.1300 15.2
302.991 85.3100 14.6
303.492 85.4900 14.0
303.992 85.4900 14.9
304.493 85.4900 15.8
304.994 85.7600 14.4
305.495 85.7600 15.3
305.996 85.6700 16.9
306.496 85.8500 16.2
306.997 85.8500 17.0
307.497 86.1300 15.3
307.998 86.2200 15.3
308.499 86.4100 14.4
308.999 86.4100 15.2
309.500 86.5000 15.1
310.001 86.6900 14.2
310.502 86.6000 15.7
311.003 86.7900 14.8
311.503 86.7900 15.4
312.004 86.6000 17.6
312.505 87.9400 6.9
313.006 87.1700 14.3
313.507 87.2600 14.1
314.007 87.2600 14.7
314.508 87.4600 13.7
315.009 87.5500 13.4
315.510 87.3600 15.6
316.011 87.7500 12.9
316.512 87.7500 13.5
317.012 87.5500 15.6
317.513 87.9400 12.8
318.014 88.2400 10.9
318.515 88.0400 13.2
319.016 88.1400 12.8
319.517 88.1400 13.3
320.018 88.2400 13.0
320.518 88.6400 10.1
321.019 88.5400 11.5
321.520 88.6400 11.2
322.021 88.4400 13.3
322.522 88.7400 11.2
323.022 88.9400 10.0
323.523 88.9400 10.5
324.024 89.1400 9.3
324.525 89.3500 8.1
325.026 89.1400 10.3
325.527 89.4500 8.2
326.028 89.0400 12.1
326.528 89.2400 10.7
327.029 89.8600 5.8
327.530 89.7600 7.3
328.031 89.7600 7.7
328.532 89.8600 7.3
329.033 89.8600 7.7
329.534 89.8600 8.1
330.034 90.0700 6.7
330.535 90.0700 7.1
331.036 90.0700 7.5
331.537 90.2800 6.0
332.038 90.1800 7.3
332.538 89.6500 12.0
333.038 90.3900 6.0
333.539 90.6000 4.5
334.040 90.4900 5.8
334.541 90.9200 2.6
335.042 90.6000 5.7
335.543 90.6000 6.0
336.044 90.9200 3.6
336.544 90.9200 3.9
337.045 90.6000 6.9
337.546 90.9200 4.4
338.047 91.1300 2.9
338.548 91.2400 2.3
339.049 91.2400 2.6
339.549 91.0300 4.7
340.050 91.2400 3.1
340.551 91.2400 3.3
341.052 91.3500 2.6
341.553 91.7900 0.0
342.054 91.9000 0.0
342.555 91.4600 2.9
343.055 91.3500 4.0
343.556 91.1300 5.9
344.057 91.5700 2.3
344.558 91.6800 1.6
345.059 91.5700 2.7
345.559 91.6800 1.9
346.060 91.5700 3.0
346.561 91.7900 1.2
347.062 91.6800 2.3
347.563 91.2400 6.1
348.064 91.9000 0.5
348.564 91.5700 3.5
349.065 91.6800 2.6
349.566 92.0100 0.0
350.067 91.9000 1.1
350.568 91.7900 2.1
351.069 91.6800 3.1
351.570 88.5400 29.3
352.071 91.7900 1.1
352.571 91.9000 0.3
353.072 92.0100 0.0
353.573 92.0100 0.0
354.074 92.0100 0.1
354.575 91.9000 1.2
355.076 92.1200 0.0
355.576 91.9000 1.5
356.077 91.9000 1.6
356.578 92.1200 0.0
357.079 91.9000 1.9
357.580 91.9000 1.9
358.080 92.0100 1.0
358.581 91.7900 2.9
359.081 91.9000 1.9
359.582 91.6800 3.7
360.083 91.7900 2.7
360.584 91.7900 2.7
361.085 91.9000 1.7
361.586 91.9000 1.7
362.086 91.9000 1.7
362.587 91.7900 2.6
363.088 91.6800 3.5
363.589 91.5700 4.3
364.090 91.6800 3.3
364.590 91.5700 4.1
365.091 91.6800 3.1
365.592 91.3500 5.8
366.093 91.5700 3.8
366.594 91.7900 1.9
367.095 91.3500 5.5
367.596 91.5700 3.5
368.096 91.4600 4.4
368.597 91.3500 5.2
369.098 91.4600 4.1
369.599 91.5700 3.1
370.100 91.3500 4.9
370.601 91.5700 2.9
371.101 91.0300 7.4
371.602 91.1300 6.3
372.103 91.1300 6.1
372.604 90.9200 7.8
373.105 91.1300 5.7
373.606 91.5700 2.0
374.106 91.0300 6.6
374.607 90.9200 7.3
375.108 91.0300 6.2
375.609 91.0300 6.1
376.110 90.9200 6.8
376.611 0.0000 0.0
377.111 0.0000 0.0
377.612 0.0000 0.0
378.112 0.0000 0.0
378.613 0.0000 0.0
379.113 0.0000 0.0
379.614 0.0000 0.0
380.114 0.0000 0.0
380.615 330.7100 0.0
381.116 0.0000 0.0
381.616 0.0000 0.0
382.117 330.7100 0.0
382.618 0.0000 0.0
383.118 0.0000 0.0
383.619 0.0000 0.0
384.119 0.0000 0.0
384.620 0.0000 0.0
385.120 0.0000 0.0
385.621 0.0000 0.0
386.122 0.0000 0.0
386.622 0.0000 0.0
387.122 0.0000 0.0
387.622 0.0000 0.0
388.123 0.0000 0.0
388.623 0.0000 0.0
389.124 0.0000 0.0
389.624 0.0000 0.0
390.125 0.0000 0.0
390.625 0.0000 0.0
391.126 0.0000 0.0
391.626 0.0000 0.0
392.127 0.0000 0.0
392.627 0.0000 0.0
393.128 0.0000 0.0
393.628 0.0000 0.0
394.129 0.0000 0.0
394.629 0.0000 0.0
395.130 330.7100 0.0
395.631 0.0000 0.0
396.131 330.7100 0.0
396.632 0.0000 0.0
397.133 330.7100 0.0
397.633 0.0000 0.0
398.134 0.0000 0.0
398.635 0.0000 0.0
399.135 0.0000 0.0
399.636 0.0000 0.0
400.136 0.0000 0.0
400.637 0.0000 0.0
401.137 0.0000 0.0
401.638 0.0000 0.0
402.138 0.0000 0.0
402.639 0.0000 0.0
403.139 0.0000 0.0
403.640 0.0000 0.0
404.140 0.0000 0.0
404.641 0.0000 0.0
405.141 0.0000 0.0
405.642 0.0000 0.0
406.143 0.0000 0.0
406.643 0.0000 0.0
407.144 0.0000 0.0
407.644 0.0000 0.0
408.145 0.0000 0.0
408.645 0.0000 0.0
409.146 0.0000 0.0
409.647 0.0000 0.0
410.147 0.0000 0.0
410.648 0.0000 0.0
411.148 0.0000 0.0
411.649 0.0000 0.0
412.149 0.0000 0.0
412.650 0.0000 0.0
413.150 0.0000 0.0
413.651 0.0000 0.0
414.151 0.0000 0.0
414.652 0.0000 0.0
415.152 0.0000 0.0
415.653 330.7100 0.0
416.154 0.0000 0.0
416.654 0.0000 0.0
417.155 0.0000 0.0
417.655 0.0000 0.0
418.156 0.0000 0.0
418.656 0.0000 0.0
419.157 0.0000 0.0
419.657 0.0000 0.0
420.158 0.0000 0.0
420.659 0.0000 0.0
421.159 0.0000 0.0
421.660 0.0000 0.0
422.161 314.3100 0.0
422.661 0.0000 0.0
423.162 0.0000 0.0
423.662 0.0000 0.0
424.163 0.0000 0.0
424.663 0.0000 0.0
425.163 0.0000 0.0
425.663 0.0000 0.0
426.164 0.0000 0.0
426.664 0.0000 0.0
427.165 0.0000 0.0
427.665 0.0000 0.0
428.166 0.0000 0.0
428.667 0.0000 0.0
429.167 0.0000 0.0
429.668 0.0000 0.0
430.168 0.0000 0.0
430.669 0.0000 0.0
431.169 0.0000 0.0
431.670 0.0000 0.0
432.170 0.0000 0.0
432.671 0.0000 0.0
433.171 0.0000 0.0
433.672 0.0000 0.0
434.172 0.0000 0.0
434.673 0.0000 0.0
435.174 0.0000 0.0
435.674 0.0000 0.0
436.175 0.0000 0.0
436.675 0.0000 0.0
437.176 0.0000 0.0
437.676 0.0000 0.0
438.177 0.0000 0.0
438.677 0.0000 0.0
439.178 0.0000 0.0
439.678 0.0000 0.0
440.179 0.0000 0.0
440.679 0.0000 0.0
441.180 0.0000 0.0
441.680 0.0000 0.0
442.181 0.0000 0.0
442.681 0.0000 0.0
443.182 0.0000 0.0
443.682 0.0000 0.0
444.183 0.0000 0.0
444.683 0.0000 0.0
445.184 0.0000 0.0
445.684 0.0000 0.0
446.185 0.0000 0.0
446.685 0.0000 0.0
447.186 0.0000 0.0
447.687 0.0000 0.0
448.187 0.0000 0.0
448.688 0.0000 0.0
449.188 0.0000 0.0
449.689 0.0000 0.0
450.189 0.0000 0.0
450.690 0.0000 0.0
451.190 0.0000 0.0
451.691 0.0000 0.0
452.191 0.0000 0.0
452.692 0.0000 0.0
453.192 0.0000 0.0
453.693 0.0000 0.0
454.194 0.0000 0.0
454.694 78.6900 100.0
455.195 78.6900 100.0
455.696 78.5400 100.0
456.197 78.3200 100.0
456.698 78.3200 100.0
457.198 78.1700 100.0
457.699 76.7400 100.0
458.200 78.0300 100.0
458.701 78.0300 100.0
459.202 77.8100 100.0
459.702 77.7400 100.0
460.203 77.6600 100.0
460.704 77.5200 100.0
461.205 77.6600 100.0
461.705 77.5200 100.0
462.206 77.5900 100.0
462.706 77.4500 100.0
463.207 77.4500 100.0
463.708 77.5200 100.0
464.209 77.6600 100.0
464.710 77.4500 100.0
465.211 77.5900 100.0
465.711 77.5900 100.0
466.212 77.6600 100.0
466.713 77.7400 100.0
467.214 77.9500 99.6
467.715 77.9500 96.2
468.216 78.0300 92.7
468.716 78.1700 88.8
469.217 78.3900 84.8
469.718 78.6100 81.0
470.219 78.6100 79.4
470.720 78.9100 75.5
471.220 79.0600 73.1
471.721 79.4300 69.0
472.222 79.4300 68.4
472.723 79.8200 64.6
473.224 79.8900 63.6
473.725 80.2000 60.8
474.226 80.5900 57.5
474.727 81.0700 53.6
475.227 81.3100 51.9
475.728 81.4700 50.9
476.229 81.6300 50.0
476.730 82.2800 45.0
477.231 82.6100 42.8
477.731 82.7800 42.2
478.232 83.2000 39.4
478.733 83.3700 38.9
479.234 83.8000 36.1
479.735 84.3300 32.7
480.236 84.7700 30.0
480.736 85.1300 28.1
481.237 85.3100 27.8
481.738 85.9500 23.6
482.239 86.1300 23.3
482.740 86.8800 18.2
483.240 87.3600 15.6
483.741 87.5500 15.3
484.242 87.9400 13.4
484.743 88.4400 10.7
485.244 88.9400 7.9
485.745 89.0400 8.5
486.245 89.3500 7.3
486.746 89.8600 4.3
487.247 90.6000 0.0
487.747 90.8100 0.0
488.248 91.0300 0.0
488.749 91.4600 0.0
489.249 91.9000 0.0
489.750 92.1200 0.0
490.251 92.5700 0.0
490.752 92.9100 0.0
491.253 93.3700 0.0
491.753 93.7200 0.0
492.254 94.1900 0.0
492.755 94.4200 0.0
493.256 94.5400 0.0
493.757 95.1500 0.0
494.258 95.6400 0.0
494.758 95.8900 0.0
495.259 96.2700 0.0
495.760 96.5200 0.0
496.261 96.6500 0.0
496.762 96.9000 0.0
497.263 97.2900 0.0
497.763 97.6800 0.0
498.264 98.0800 0.0
498.765 98.2100 0.0
499.266 98.8900 0.0
499.767 98.6200 0.0
500.267 99.0300 0.0
500.768 98.7500 0.0
501.269 99.3000 0.0
501.770 100.0000 0.0
502.271 99.8600 0.0
502.772 100.0000 0.0
503.272 100.4300 0.0
503.773 100.8600 0.0
504.274 100.8600 0.0
504.775 101.3000 0.0
505.276 101.3000 0.0
505.776 101.5900 0.0
506.277 101.4400 0.0
506.778 101.7500 0.0
507.279 102.2000 0.0
507.780 102.2000 0.0
508.280 102.2000 0.0
508.781 102.5000 0.0
509.282 102.6500 0.0
509.783 103.1200 0.0
510.284 103.4300 0.0
510.785 103.4300 0.0
511.285 103.4300 0.0
511.786 103.5800 0.0
512.287 103.7400 0.0
512.788 103.7400 0.0
513.288 103.9000 0.0
513.789 104.2200 0.0
514.289 103.7400 0.0
514.790 104.2200 0.0
515.291 104.5400 0.0
515.792 104.5400 0.0
516.293 104.8700 0.0
516.794 104.3800 0.0
517.294 104.8700 0.0
517.795 104.5400 0.0
518.296 104.7000 0.0
518.797 104.8700 0.0
519.298 105.3600 0.0
519.799 105.0300 0.0
520.300 105.1900 0.0
520.800 105.1900 0.0
521.301 105.5300 0.0
521.802 105.3600 0.0
522.303 105.5300 0.0
522.804 105.6900 0.0
523.305 104.8700 0.0
523.806 105.5300 0.0
524.307 105.8600 0.0
524.807 105.6900 0.0
525.308 105.8600 0.0
525.809 105.5300 0.0
526.310 105.6900 0.0
526.811 105.6900 0.0
527.312 106.0300 0.0
527.812 105.6900 0.0
528.313 105.8600 0.0
528.814 105.8600 0.0
529.315 105.6900 0.0
529.816 106.0300 0.0
530.317 106.2000 0.0
530.818 106.0300 0.0
531.318 106.5400 0.0
531.819 106.0300 0.0
532.320 106.2000 0.0
532.821 105.3600 0.0
533.322 106.7100 0.0
533.823 106.2000 0.0
534.323 105.8600 0.0
534.824 105.8600 0.0
535.325 106.0300 0.0
535.826 106.0300 0.0
536.327 105.8600 0.0
536.827 105.6900 0.0
537.328 105.8600 0.0
537.829 105.6900 0.0
538.330 105.8600 0.0
538.830 105.6900 0.0
539.331 105.6900 0.0
539.832 106.0300 0.0
540.332 106.0300 0.0
540.833 105.6900 0.0
541.334 105.6900 0.0
541.835 105.3600 0.0
542.336 105.3600 0.0
542.837 105.3600 0.0
543.337 105.3600 0.0
543.838 105.1900 0.0
544.339 105.3600 0.0
544.840 105.0300 0.0
545.341 105.5300 0.0
545.842 104.8700 0.0
546.343 105.0300 0.0
546.843 105.1900 0.0
547.344 105.0300 0.0
547.845 105.1900 0.0
548.346 105.0300 0.0
548.847 104.8700 0.0
549.348 104.5400 0.0
549.848 104.5400 0.0
550.349 104.5400 0.0
550.850 104.8700 0.0
551.351 104.5400 0.0
551.852 104.3800 0.0
552.353 104.5400 0.0
552.854 104.2200 0.0
553.354 103.9000 0.0
553.855 104.2200 0.0
554.356 103.5800 0.0
554.857 104.2200 0.0
555.358 104.0600 0.0
555.858 103.9000 0.0
556.359 103.4300 0.0
556.860 103.9000 0.0
557.361 103.5800 0.0
557.862 103.2700 0.0
558.363 103.4300 0.0
558.864 103.4300 0.0
559.364 103.5800 0.0
559.865 103.7400 0.0
560.366 103.1200 0.0
560.867 103.5800 0.0
561.368 102.8100 0.0
561.868 102.8100 0.0
562.369 102.8100 0.0
562.870 102.6500 0.0
563.371 102.3500 0.0
563.872 102.6500 0.0
564.372 102.3500 0.0
564.872 102.3500 0.0
565.373 102.3500 0.0
565.874 102.2000 0.0
566.375 101.7500 0.0
566.876 102.3500 0.0
567.377 102.0500 0.0
567.878 101.9000 0.0
568.378 101.5900 0.0
568.879 101.9000 0.0
569.380 101.4400 0.0
569.881 101.7500 0.0
570.382 101.4400 0.0
570.883 101.4400 0.0
571.383 101.0000 0.0
571.884 101.1500 0.0
572.385 100.4300 0.0
572.886 100.8600 0.0
573.387 100.4300 0.0
573.888 100.4300 0.0
574.388 100.5700 0.0
574.889 100.5700 0.0
575.390 100.5700 0.0
575.891 100.1400 0.0
576.392 99.8600 0.0
576.893 100.0000 0.0
577.393 100.2800 0.0
577.894 99.7200 0.0
578.395 99.7200 0.0
578.896 99.4400 0.0
579.397 99.3000 0.0
579.898 99.4400 0.0
580.399 99.4400 0.0
580.899 99.4400 0.0
581.400 99.1600 0.0
581.901 99.0300 0.0
582.402 98.7500 0.0
582.903 98.7500 0.0
583.404 98.6200 0.0
583.904 98.6200 0.0
584.405 98.7500 0.0
584.906 98.0800 0.0
585.407 98.2100 0.0
585.908 97.9500 0.0
586.409 98.2100 0.0
586.910 97.9500 0.0
587.410 97.8200 0.0
587.911 97.5500 0.0
588.412 97.4200 0.0
588.913 97.5500 0.0
589.413 94.3100 17.6
589.913 96.7700 0.0
590.414 97.2900 0.0
590.915 96.9000 0.0
591.416 96.9000 0.0
591.917 96.7700 0.0
592.418 97.0300 0.0
592.918 96.2700 0.0
593.419 96.3900 0.0
593.920 96.1400 0.0
594.421 95.7600 0.2
594.922 95.7600 0.0
595.423 95.8900 0.0
595.923 95.7600 0.0
596.424 95.7600 0.0
596.925 95.7600 0.0
597.426 95.3900 0.4
597.927 95.0300 2.9
598.428 95.1500 1.2
598.928 95.0300 1.6
599.429 95.0300 1.0
599.930 94.5400 4.5
600.431 94.7800 1.8
600.932 94.5400 3.3
601.432 94.6600 1.7
601.933 94.4200 3.2
602.434 94.9100 0.0
602.935 94.0700 5.4
603.436 94.0700 4.8
603.937 93.9500 5.2
604.438 93.6000 7.6
604.938 93.6000 7.0
605.439 93.3700 8.3
605.940 92.9100 11.5
606.441 93.0200 9.8
606.942 93.0200 9.2
607.443 93.2500 6.7
607.944 93.0200 8.2
608.445 93.0200 7.7
608.946 92.6800 10.1
609.447 92.5700 10.5
609.947 92.6800 9.0
610.448 92.4600 10.4
610.949 92.3400 10.9
611.450 92.2300 11.3
611.951 92.2300 10.8
612.452 91.9000 13.2
612.952 91.7900 13.6
613.453 91.7900 13.1
613.954 91.6800 13.5
614.455 91.6800 13.0
614.955 91.4600 14.4
615.456 91.4600 14.0
615.956 91.5700 12.6
616.457 91.2400 15.0
616.958 91.2400 14.6
617.459 90.8100 17.8
617.960 90.9200 16.4
618.461 90.7000 17.7
618.961 90.9200 15.5
619.462 90.8100 16.0
619.963 90.6000 17.5
620.464 90.3900 18.8
620.965 90.2800 19.3
621.466 90.3900 18.0
621.966 90.3900 17.6
622.467 90.1800 19.1
622.968 90.0700 19.6
623.469 90.0700 19.2
623.970 90.0700 18.9
624.471 89.8600 20.4
624.972 89.7600 20.9
625.472 89.8600 19.7
625.973 89.7600 20.3
626.474 89.6500 20.9
626.975 89.7600 19.7
627.476 89.4500 22.1
627.977 89.6500 20.0
628.477 89.7600 19.0
628.978 89.4500 21.4
629.479 89.5500 20.3
629.980 89.3500 21.9
630.481 89.4500 20.8
630.982 89.2400 22.3
631.483 88.6400 27.1
631.983 89.4500 19.9
632.484 89.2400 21.6
632.985 88.8400 24.8
633.486 89.3500 20.3
633.987 89.1400 21.9
634.487 89.1400 21.8
634.988 89.3500 20.0
635.489 89.1400 21.7
635.990 89.0400 22.4
636.491 89.2400 20.6
636.992 89.3500 19.8
637.493 89.0400 22.3
637.993 89.1400 21.4
638.494 88.6400 25.5
638.995 89.1400 21.1
639.496 88.8400 23.6
639.997 89.2400 20.1
640.497 89.0400 21.9
640.998 89.0400 21.8
641.498 90.0700 13.2
641.999 89.1400 21.3
642.500 89.0400 22.1
643.001 89.2400 20.4
643.502 89.1400 21.3
644.003 89.0400 22.1
644.503 89.3500 19.5
645.004 89.2400 20.4
645.505 89.3500 19.6
646.006 89.1400 21.4
646.507 89.2400 20.5
647.008 89.3500 19.7
647.509 89.3500 19.8
648.009 89.4500 19.0
648.510 89.3500 19.9
649.011 89.5500 18.3
649.512 89.6500 17.5
650.013 89.4500 19.4
650.514 90.1800 13.4
651.014 89.8600 16.3
651.515 89.7600 17.4
652.016 89.5500 19.2
652.517 89.9700 15.8
653.018 89.9700 15.9
653.519 90.0700 15.2
654.020 90.0700 15.4
654.520 90.0700 15.6
655.021 90.3900 13.1
655.522 90.2800 14.2
656.023 90.2800 14.4
656.524 90.2800 14.6
657.025 90.4900 12.9
657.525 90.3900 14.0
658.026 90.4900 13.3
658.527 90.4900 13.5
659.028 90.8100 10.9
659.529 90.8100 11.2
660.030 90.4900 14.1
660.530 91.0300 9.7
661.031 90.6000 13.5
661.532 90.8100 11.8
662.033 91.1300 9.3
662.534 91.1300 9.5
663.035 91.2400 8.8
663.536 90.9200 11.8
664.036 91.4600 7.3
664.537 91.3500 8.5
665.038 91.7900 5.1
665.538 91.1300 10.9
666.039 91.3500 9.1
666.540 91.4600 8.3
667.040 91.5700 7.6
667.541 91.9000 5.0
668.042 91.7900 6.2
668.543 91.7900 6.4
669.044 91.7900 6.5
669.545 92.0100 4.8
670.046 91.9000 6.0
670.546 91.9000 6.1
671.047 92.1200 4.4
671.548 92.0100 5.5
672.049 92.0100 5.6
672.550 92.2300 3.9
673.051 92.2300 4.0
673.551 92.1200 5.1
674.052 92.5700 1.4
674.553 92.5700 1.6
675.054 92.3400 3.7
675.555 93.4800 0.0
676.056 93.0200 0.0
676.557 92.4600 3.9
677.057 92.5700 3.0
677.558 92.1200 6.7
678.059 92.5700 2.9
678.560 92.6800 2.0
679.061 92.5700 3.0
679.562 92.9100 0.2
680.062 92.6800 2.2
680.563 92.6800 2.2
681.064 93.0200 0.0
681.565 92.4600 4.3
682.066 92.9100 0.5
682.567 92.9100 0.5
683.068 93.0200 0.0
683.568 93.0200 0.0
684.069 93.1400 0.0
684.570 92.9100 1.1
685.071 92.9100 1.1
685.572 92.9100 1.1
686.072 92.6800 3.0
686.573 92.9100 1.0
687.074 93.0200 0.0
687.575 93.1400 0.0
688.076 93.1400 0.0
688.577 92.9100 1.3
689.077 93.0200 0.3
689.578 92.9100 1.2
690.079 93.1400 0.0
690.580 93.0200 0.3
691.080 93.0200 0.2
691.581 93.0200 0.2
692.082 92.6800 3.0
692.583 92.7900 1.8
693.083 93.2500 0.0
693.584 92.9100 0.9
694.085 92.3400 5.5
694.586 92.9100 0.5
695.087 92.9100 0.4
695.588 92.7900 1.3
696.088 93.1400 0.0
696.589 92.9100 0.3
697.090 92.6800 2.2
697.591 92.7900 1.1
698.092 92.5700 2.8
698.593 92.7900 0.7
699.094 92.7900 0.6
699.594 92.7900 0.5
700.095 92.6800 1.4
700.596 92.6800 1.2
701.097 92.4600 3.0
701.598 92.3400 3.7
702.099 92.5700 1.6
702.600 92.2300 4.3
703.100 92.2300 4.0
703.601 91.9000 6.6
704.102 92.3400 2.5
704.603 90.9200 14.3
705.104 92.0100 4.5
705.605 92.2300 2.5
706.105 92.2300 2.4
706.606 92.3400 1.3
707.107 92.0100 4.1
707.608 91.9000 4.8
708.109 91.9000 4.6
708.610 92.0100 3.5
709.111 91.9000 4.3
709.611 91.9000 4.1
710.112 91.7900 4.9
710.613 91.6800 5.6
711.114 91.5700 6.3
711.615 91.5700 6.1
712.116 91.6800 5.0
712.616 91.5700 5.7
713.117 91.4600 6.4
713.618 91.6800 4.4
714.119 91.3500 7.0
714.620 94.0700 0.0
715.120 91.4600 6.8
715.621 91.5700 5.6
716.122 90.8100 11.8
716.622 91.0300 9.5
717.123 91.1300 8.3
717.624 91.1300 8.0
718.124 90.4900 13.1
718.625 90.9200 9.1
719.126 91.1300 7.1
719.627 90.9200 8.7
720.128 91.3500 4.9
720.629 90.7000 10.2
721.130 90.4900 11.7
721.631 90.6000 10.5
722.131 90.4900 11.1
722.632 90.4900 10.9
723.134 90.3900 11.6
723.635 90.1800 13.2
724.136 90.3900 11.3
724.637 90.2800 12.1
725.139 89.9700 14.7
725.641 90.2800 11.9
726.142 90.4900 10.1
726.643 90.0700 13.7
727.143 89.8600 15.4
727.645 89.8600 15.3
728.145 89.9700 14.4
728.646 89.9700 14.4
729.147 89.9700 14.5
729.648 89.8600 15.4
730.149 89.6500 17.2
730.650 89.8600 15.4
731.150 89.7600 16.4
731.651 89.6500 17.4
732.152 89.6500 17.4
732.653 89.6500 17.5
733.154 89.3500 20.2
733.654 89.4500 19.4
734.155 89.4500 19.5
734.656 89.5500 18.8
735.157 89.6500 18.1
735.658 89.4500 20.1
736.158 89.4500 20.2
736.659 89.4500 20.4
737.160 89.5500 19.8
737.661 88.8400 26.0
738.162 89.0400 24.3
738.662 89.5500 20.2
739.163 89.1400 24.0
739.663 89.3500 22.5
740.164 89.1400 24.5
740.665 89.3500 23.0
741.166 89.1400 25.0
741.667 89.2400 24.5
742.167 89.2400 24.8
742.668 89.0400 26.8
743.169 88.8400 28.8
743.670 89.2400 25.6
744.171 89.2400 26.0
744.672 89.0400 28.1
745.172 89.3500 25.8
745.673 89.4500 25.4
746.174 89.3500 26.8
746.675 88.9400 30.6
747.176 89.1400 29.2
747.677 89.1400 29.6
748.177 88.9400 31.7
748.678 89.3500 28.7
749.179 89.6500 26.6
749.680 89.7600 26.3
750.180 89.3500 30.4
750.681 89.1400 32.6
751.182 89.4500 30.4
751.683 89.2400 32.7
752.184 89.3500 32.3
752.685 89.6500 30.2
753.186 89.8600 29.1
753.686 89.8600 29.7
754.187 89.6500 32.1
754.688 90.0700 29.2
755.189 89.9700 30.8
755.690 90.2800 28.8
756.190 90.0700 31.3
756.691 90.0700 32.0
757.192 90.2800 30.9
757.693 90.1800 32.5
758.194 90.1800 33.1
758.694 90.9200 27.6
759.195 90.7000 30.2
759.696 90.4900 32.8
760.197 90.6000 32.6
760.698 90.7000 32.4
761.198 91.0300 30.5
761.699 90.9200 32.2
762.200 91.4600 28.4
762.701 90.9200 33.9
763.202 91.3500 30.9
763.702 91.4600 30.9
764.203 91.2400 33.5
764.704 91.3500 33.4
765.205 91.5700 32.3
765.705 91.5700 33.1
766.206 91.4600 34.8
766.706 91.9000 31.9
767.207 91.9000 32.8
767.708 92.1200 31.7
768.209 92.0100 33.5
768.710 92.4600 30.6
769.211 92.6800 29.7
769.712 92.4600 32.6
770.212 92.9100 29.6
770.713 93.0200 29.7
771.214 93.0200 30.7
771.715 93.0200 31.6
772.216 93.3700 29.6
772.717 93.7200 27.7
773.217 93.1400 33.6
773.718 94.3100 24.7
774.219 93.7200 30.8
774.720 93.8300 30.8
775.221 94.3100 27.8
775.722 94.6600 25.8
776.222 94.4200 28.9
776.723 94.9100 25.9
777.224 94.6600 29.1
777.725 94.9100 28.0
778.226 94.9100 29.0
778.726 95.0300 29.0
779.227 95.3900 26.9
779.728 95.5200 26.9
780.229 95.6400 26.9
780.730 96.0100 24.8
781.231 96.0100 25.9
781.731 96.5200 22.8
782.232 96.5200 24.0
782.733 96.5200 25.1
783.234 96.6500 25.1
783.735 96.9000 24.0
784.235 97.5500 19.7
784.736 97.1600 24.2
785.237 96.5200 30.6
785.738 97.5500 22.8
786.239 98.0800 19.4
786.739 98.0800 20.7
787.240 97.9500 23.0
787.741 97.9500 24.0
788.242 98.2100 22.8
788.743 98.6200 20.4
789.243 98.7500 20.4
789.744 98.7500 21.6
790.245 98.8900 21.5
790.746 99.1600 20.2
791.247 99.1600 21.3
791.747 99.5800 18.9
792.247 99.8600 17.7
792.748 99.8600 18.8
793.249 99.8600 19.9
793.750 99.8600 20.9
794.251 101.1500 11.2
794.751 100.5700 17.4
795.252 101.0000 14.8
795.753 100.8600 17.2
796.254 100.8600 18.3
796.755 101.3000 15.6
797.255 101.3000 16.7
797.756 101.5900 15.3
798.257 101.7500 15.1
798.758 101.9000 14.9
799.259 102.0500 14.7
799.760 102.0500 15.8
800.260 102.2000 15.5
800.761 102.3500 15.3
801.262 102.5000 15.0
801.763 102.8100 13.5
802.264 102.8100 14.5
802.765 102.8100 15.5
803.265 103.1200 13.9
803.766 103.2700 13.6
804.267 103.4300 13.3
804.768 103.7400 11.7
805.269 104.0600 10.1
805.770 103.9000 12.5
806.270 104.2200 10.8
806.771 104.0600 13.2
807.272 104.0600 14.1
807.773 104.5400 11.0
808.274 104.7000 10.6
808.775 104.8700 10.3
809.275 104.8700 11.3
809.776 105.0300 10.9
810.277 105.0300 11.8
810.778 105.0300 12.7
811.279 105.6900 8.1
811.780 105.5300 10.5
812.281 105.6900 10.0
812.781 105.3600 13.7
813.282 105.6900 11.7
813.783 106.0300 9.8
814.284 106.0300 10.7
814.785 105.8600 13.0
815.286 106.2000 10.9
815.787 106.3700 10.4
816.287 106.2000 12.7
816.788 106.3700 12.0
817.288 106.8900 8.5
817.789 106.7100 10.9
818.290 106.7100 11.8
818.791 106.8900 11.1
819.291 107.0600 10.5
819.792 107.0600 11.3
820.293 107.2300 10.7
820.794 107.0600 12.9
821.295 107.0600 13.7
821.796 107.9400 7.0
822.297 107.9400 8.0
822.797 107.7600 10.4
823.298 107.9400 9.7
823.799 107.5900 13.5
824.300 107.7600 12.7
824.801 107.9400 11.9
825.301 107.5900 15.6
825.802 108.1200 11.8
826.303 107.9400 14.0
826.804 108.1200 13.2
827.305 108.4800 10.9
827.806 108.1200 14.7
828.306 108.4800 12.3
828.807 108.4800 13.1
829.308 108.4800 13.8
829.809 109.0300 9.9
830.310 108.8500 12.3
830.810 108.6700 14.6
831.311 108.8500 13.7
831.812 109.0300 12.9
832.313 109.4000 10.5
832.814 108.8500 16.0
833.315 108.6700 18.2
833.816 109.2200 14.1
834.316 109.0300 16.3
834.817 108.6700 20.0
835.318 110.1600 8.0
835.819 109.4000 15.3
836.320 109.4000 16.0
836.821 109.9700 12.0
837.321 109.4000 17.5
837.822 109.5900 16.6
838.323 109.4000 18.8
838.824 109.9700 14.6
839.325 109.5900 18.5
839.826 109.4000 20.7
840.326 109.7800 18.1
840.827 110.3500 13.9
841.328 109.4000 22.7
841.829 109.7800 20.0
842.330 109.7800 20.6
842.830 109.9700 19.6
843.330 109.5900 23.4
843.831 109.5900 23.9
844.332 109.9700 21.2
844.833 110.1600 20.3
845.334 109.9700 22.5
845.835 109.9700 23.1
846.335 110.7400 17.3
846.836 110.3500 21.4
847.337 110.1600 23.6
847.838 110.3500 22.6
848.339 109.5900 29.6
848.840 110.1600 25.2
849.341 110.5400 22.6
849.841 110.1600 26.5
850.342 110.3500 25.5
850.843 110.7400 22.9
851.344 110.3500 26.8
851.845 110.1600 29.0
852.345 110.7400 24.7
852.846 110.9300 23.8
853.347 110.7400 26.2
853.848 111.1300 23.6
854.349 110.7400 27.7
854.850 110.9300 26.7
855.350 110.7400 29.0
855.851 110.7400 29.6
856.352 111.1300 26.9
856.853 111.1300 27.6
857.354 110.7400 31.6
857.855 111.3300 27.2
858.355 110.9300 31.3
858.856 111.5200 26.9
859.357 111.1300 31.1
859.858 111.1300 31.7
860.359 111.7200 27.4
860.860 111.5200 29.9
861.361 111.5200 30.6
861.862 111.7200 29.6
862.362 111.9200 28.7
862.863 111.7200 31.2
863.364 111.7200 31.9
863.865 112.1300 29.3
864.366 112.1300 30.1
864.866 111.9200 32.6
865.367 112.1300 31.6
865.868 112.5300 28.9
866.369 112.3300 31.5
866.870 112.3300 32.3
867.371 112.7400 29.6
867.871 111.7200 39.0
868.372 113.1500 27.6
868.872 112.9400 30.3
869.373 112.5300 34.6
869.874 113.1500 30.1
870.374 112.7400 34.5
870.875 112.1300 40.4
871.376 113.3600 30.5
871.877 113.5700 29.7
872.378 113.1500 34.2
872.879 113.5700 31.5
873.379 113.1500 35.8
873.880 113.5700 32.9
874.381 113.5700 33.6
874.882 114.0000 30.8
875.383 113.7800 33.3
875.883 114.2100 30.5
876.384 114.4300 29.5
876.885 115.0800 24.8
877.386 114.4300 31.3
877.887 114.4300 32.0
878.387 115.0800 27.2
878.888 114.8600 29.9
879.389 115.9800 21.3
879.890 115.0800 29.9
880.391 115.5300 26.8
880.892 115.7500 25.7
881.392 115.5300 28.4
881.893 115.5300 29.1
882.394 115.5300 29.7
882.895 115.9800 26.6
883.396 115.9800 27.3
883.896 115.9800 28.0
884.397 116.2000 26.7
884.898 116.2000 27.4
885.399 116.4300 26.1
885.900 117.1300 20.9
886.401 116.8900 23.7
886.901 117.3600 20.5
887.402 117.6000 19.4
887.903 117.3600 22.2
888.404 116.8900 26.8
888.905 117.6000 21.4
889.406 118.5600 14.0
889.907 118.3200 17.0
890.407 117.8400 21.9
890.908 118.3200 18.4
891.409 118.3200 19.1
891.910 118.0800 21.7
892.411 118.8100 16.1
892.912 118.3200 20.9
893.412 119.8000 9.0
893.913 118.8100 18.3
894.413 119.0500 16.8
894.914 119.3000 15.3
895.415 119.3000 15.9
895.916 119.0500 18.5
896.417 119.5500 14.8
896.917 119.5500 15.4
897.418 120.0600 11.7
897.919 120.3100 10.2
898.420 120.0600 13.0
898.921 120.3100 11.4
899.422 120.5700 9.8
899.922 120.8300 8.2
900.423 120.5700 11.1
900.924 120.0600 15.8
901.425 120.5700 11.8
901.926 120.5700 12.2
902.427 120.5700 12.6
902.927 121.0900 8.6
903.428 121.6200 4.7
903.929 121.0900 9.7
904.430 120.5700 14.4
904.931 121.8800 3.6
905.432 121.6200 6.5
905.932 121.6200 6.9
906.433 122.1500 2.8
906.934 121.8800 5.7
907.435 121.8800 6.0
907.936 122.1500 4.2
908.437 122.7000 0.0
908.937 122.1500 5.1
909.438 122.9700 0.0
909.939 122.1500 6.2
910.440 122.1500 6.4
910.941 122.1500 6.6
911.442 122.4300 4.5
911.943 122.9700 0.1
912.443 122.1500 7.4
912.944 122.7000 2.9
913.445 122.9700 0.8
913.946 122.9700 1.2
914.447 121.6200 12.8
914.948 123.8100 0.0
915.449 122.9700 1.9
915.949 124.1000 0.0
916.450 123.5300 0.0
916.951 123.8100 0.0
917.452 122.9700 3.9
917.953 122.9700 3.9
918.454 123.2500 1.6
918.954 123.8100 0.0
919.455 124.1000 0.0
919.955 123.2500 2.6
920.456 123.2500 2.6
920.957 123.2500 2.6
921.457 123.5300 0.3
921.958 123.8100 0.0
922.459 123.8100 0.0
922.960 123.5300 0.9
923.461 124.1000 0.0
923.962 123.5300 1.3
924.463 122.9700 5.9
924.963 123.2500 3.4
925.464 123.5300 0.9
925.965 123.2500 3.2
926.466 123.2500 3.1
926.967 123.5300 0.6
927.468 124.1000 0.0
927.968 123.8100 0.0
928.469 123.5300 1.1
928.970 123.5300 1.1
929.471 129.9900 0.0
929.972 123.5300 3.7
930.473 123.5300 3.4
930.973 125.2600 0.0
931.474 123.8100 1.3
931.975 122.1500 14.9
932.476 123.5300 2.6
932.977 123.8100 0.0
933.477 123.2500 4.7
933.978 122.9700 6.6
934.479 123.5300 1.6
934.980 122.9700 6.1
935.481 122.1500 12.6
935.982 123.5300 0.4
936.482 122.9700 5.0
936.983 123.2500 2.4
937.484 121.8800 13.7
937.985 122.1500 10.8
938.486 122.4300 8.0
938.986 122.9700 3.1
939.487 122.4300 7.5
939.988 122.4300 7.2
940.489 122.9700 2.4
940.990 122.7000 4.6
941.490 122.1500 9.0
941.991 122.1500 8.6
942.492 122.1500 8.3
942.993 122.9700 1.1
943.494 122.4300 5.7
943.995 122.7000 3.2
944.495 121.8800 10.0
944.996 122.1500 7.3
945.497 122.4300 4.8
945.997 121.8800 9.2
946.498 121.8800 8.9
946.999 121.6200 10.9
947.499 121.6200 10.5
948.000 121.6200 10.2
948.501 121.3500 12.1
949.002 120.8300 16.1
949.503 121.6200 9.0
950.004 121.6200 8.8
950.505 121.0900 13.0
951.005 121.0900 12.7
951.506 121.3500 10.2
952.007 121.0900 12.2
952.508 120.5700 16.2
953.009 120.3100 17.9
953.510 122.4300 0.0
954.010 120.5700 15.7
954.511 120.5700 15.3
955.012 120.0600 19.3
955.513 120.3100 16.6
956.014 120.3100 16.3
956.514 120.3100 16.0
957.015 119.8000 19.9
957.516 120.0600 17.4
958.017 119.0500 25.4
958.518 120.0600 16.4
959.019 120.3100 14.1
959.519 120.3100 14.0
960.020 119.8000 18.1
960.521 119.8000 17.9
961.022 119.0500 23.9
961.523 120.0600 15.0
962.024 119.5500 19.2
962.525 119.0500 23.1
963.025 119.5500 18.6
963.526 117.1300 38.6
964.027 119.3000 19.4
964.528 117.8400 31.5
965.029 119.3000 18.7
965.530 119.5500 16.5
966.030 118.8100 22.8
966.531 118.5600 24.6
967.032 119.3000 18.2
967.533 118.5600 24.4
968.034 119.0500 20.0
968.535 118.8100 22.0
969.035 118.5600 23.9
969.536 118.8100 21.7
970.037 118.3200 25.7
970.538 118.5600 23.4
971.038 118.8100 21.2
971.538 118.8100 21.2
972.039 118.3200 25.3
972.540 118.5600 23.0
973.041 118.8100 20.9
973.542 118.0800 27.0
974.043 119.0500 18.6
974.543 118.8100 20.9
975.044 118.5600 22.9
975.545 115.5300 48.2
976.046 117.3600 31.8
976.547 118.0800 25.5
977.048 117.8400 27.4
977.548 118.3200 23.3
978.049 118.0800 25.4
978.550 118.0800 25.4
979.051 118.5600 21.3
979.552 118.3200 23.5
980.052 117.8400 27.6
980.553 118.8100 19.4
981.054 117.3600 31.7
981.555 118.5600 21.4
982.056 118.8100 19.6
982.557 117.8400 27.9
983.057 118.3200 23.8
983.558 118.0800 25.9
984.059 118.3200 23.9
984.560 119.0500 17.8
985.061 118.0800 26.3
985.562 118.8100 20.2
986.062 118.8100 20.4
986.563 118.3200 24.7
987.064 118.5600 22.7
987.565 118.5600 22.8
988.066 118.0800 27.0
988.566 117.8400 28.9
989.067 118.0800 26.8
989.568 118.5600 22.7
990.069 118.8100 20.8
990.570 118.8100 21.0
991.071 118.5600 23.2
991.571 118.8100 21.3
992.072 118.3200 25.5
992.573 118.3200 25.5
993.074 118.8100 21.4
993.575 119.5500 15.4
994.076 119.0500 20.0
994.577 119.0500 20.2
995.078 119.0500 20.4
995.579 119.3000 18.5
996.079 119.3000 18.8
996.580 119.0500 21.1
997.080 118.8100 23.2
997.581 119.0500 21.2
998.082 120.3100 10.8
998.583 119.5500 17.7
999.084 119.8000 15.8
999.584 120.0600 14.0
1000.085 120.3100 12.2
1000.586 119.3000 21.1
1001.087 120.0600 14.8
1001.588 119.3000 21.4
1002.089 119.3000 21.3
1002.590 119.8000 17.1
1003.091 119.8000 17.3
1003.591 119.8000 17.4
1004.092 119.3000 21.8
1004.593 120.0600 15.4
1005.094 119.8000 17.7
1005.595 119.8000 17.9
1006.096 119.5500 20.1
1006.597 120.0600 15.8
1007.098 120.3100 13.9
1007.599 120.3100 14.1
1008.099 120.0600 16.5
1008.600 120.3100 14.5
1009.101 120.0600 16.8
1009.602 120.0600 16.9
1010.103 119.8000 19.1
1010.604 121.3500 6.1
1011.105 120.3100 15.3
1011.605 121.3500 6.7
1012.106 120.5700 13.8
1012.607 120.0600 18.2
1013.108 120.5700 13.8
1013.609 120.5700 13.9
1014.110 120.3100 16.2
1014.611 119.8000 20.5
1015.111 120.3100 16.0
1015.612 121.0900 9.6
1016.113 121.0900 9.8
1016.614 120.8300 12.3
1017.115 121.0900 10.3
1017.616 120.8300 12.7
1018.117 121.0900 10.6
1018.617 121.0900 10.8
1019.118 120.5700 15.3
1019.619 120.8300 13.1
1020.120 121.6200 6.5
1020.621 121.6200 6.8
1021.122 120.8300 13.7
1021.622 121.3500 9.3
1022.123 121.6200 7.3
1022.624 121.6200 7.5
1023.124 120.0600 20.7
1023.625 121.0900 11.7
1024.126 121.6200 7.3
1024.627 121.6200 7.6
1025.128 121.3500 10.0
1025.629 121.6200 7.8
1026.130 121.8800 5.7
1026.631 121.0900 12.6
1027.131 121.3500 10.3
1027.632 121.8800 5.9
1028.133 121.8800 6.1
1028.633 121.3500 10.7
1029.135 121.6200 8.4
1029.635 121.8800 6.3
1030.137 121.0900 13.1
1030.637 121.8800 6.2
1031.137 121.6200 8.6
1031.639 121.6200 8.6
1032.139 121.6200 8.6
1032.641 121.6200 8.7
1033.142 121.8800 6.4
1033.643 122.1500 4.3
1034.143 121.8800 6.7
1034.644 121.8800 6.7
1035.145 121.6200 9.0
1035.646 121.6200 8.9
1036.147 121.3500 11.1
1036.648 121.6200 8.7
1037.149 122.1500 4.2
1037.650 121.6200 8.8
1038.151 121.8800 6.5
1038.651 121.8800 6.5
1039.152 120.5700 17.6
1039.653 122.4300 1.6
1040.154 121.6200 8.6
1040.655 121.8800 6.3
1041.156 121.8800 6.3
1041.657 121.8800 6.3
1042.157 121.3500 10.8
1042.658 121.6200 8.4
1043.159 121.3500 10.5
1043.660 121.6200 8.1
1044.161 121.8800 5.8
1044.662 121.8800 5.9
1045.163 121.3500 10.3
1045.663 121.8800 5.7
1046.163 121.8800 5.8
1046.664 121.6200 8.0
1047.165 120.8300 14.5
1047.666 121.8800 5.3
1048.167 121.0900 12.0
1048.668 121.3500 9.6
1049.169 121.8800 5.0
1049.670 121.8800 5.1
1050.170 121.3500 9.6
1050.670 121.0900 11.7
1051.172 121.0900 11.4
1051.672 121.3500 9.0
1052.174 121.0900 11.1
1052.674 122.4300 0.0
1053.176 121.3500 9.2
1053.676 121.0900 11.2
1054.176 121.3500 8.8
1054.678 121.0900 10.9
1055.178 120.8300 12.9
1055.680 121.0900 10.5
1056.180 120.8300 12.5
1056.682 121.0900 10.1
1057.184 121.0900 10.0
1057.684 120.8300 12.1
1058.184 121.0900 9.7
1058.685 120.8300 11.8
1059.186 120.8300 11.7
1059.687 120.8300 11.5
1060.188 120.8300 11.4
1060.689 120.8300 11.2
1061.190 120.8300 11.1
1061.691 120.8300 11.0
1062.191 120.5700 13.1
1062.692 121.0900 8.6
1063.193 120.5700 12.9
1063.694 120.3100 14.9
1064.195 120.3100 14.6
1064.696 120.5700 12.3
1065.197 120.3100 14.3
1065.697 120.3100 14.1
1066.198 120.0600 16.1
1066.699 120.3100 13.7
1067.200 119.8000 17.8
1067.701 120.0600 15.4
1068.202 120.0600 15.2
1068.703 121.0900 6.4
1069.203 119.5500 19.5
1069.704 119.5500 19.1
1070.205 120.0600 14.6
1070.705 118.8100 24.9
1071.206 119.8000 16.1
1071.707 119.8000 15.9
1072.208 119.5500 17.9
1072.709 119.0500 21.9
1073.210 119.3000 19.5
1073.710 119.5500 17.1
1074.211 119.3000 19.1
1074.712 119.5500 16.9
1075.213 119.8000 14.7
1075.714 119.5500 16.8
1076.215 119.3000 18.8
1076.716 119.0500 20.7
1077.217 118.8100 22.6
1077.717 119.5500 16.1
1078.217 119.5500 16.1
1078.719 118.5600 24.4
1079.219 119.0500 19.9
1079.721 119.0500 19.8
1080.221 118.8100 21.7
1080.723 119.0500 19.5
1081.224 119.3000 17.4
1081.724 118.5600 23.6
1082.225 118.5600 23.3
1082.726 119.0500 19.0
1083.227 118.3200 25.1
1083.728 118.5600 22.8
1084.229 118.3200 24.7
1084.730 119.3000 16.3
1085.231 119.0500 18.5
1085.732 118.8100 20.6
1086.232 118.5600 22.6
1086.733 118.3200 24.6
1087.234 118.8100 20.3
1087.735 119.0500 18.2
1088.236 119.0500 18.4
1088.737 118.8100 20.5
1089.238 119.0500 18.4
1089.739 119.0500 18.5
1090.239 118.8100 20.7
1090.740 118.8100 20.7
1091.241 118.5600 22.7
1091.742 118.0800 26.7
1092.243 119.0500 18.3
1092.744 119.0500 18.4
1093.245 118.8100 20.6
1093.745 119.3000 16.5
1094.246 118.5600 22.9
1094.747 119.8000 12.4
1095.247 118.5600 23.1
1095.748 118.8100 21.0
1096.249 118.8100 21.0
1096.750 118.3200 25.1
1097.251 118.3200 24.9
1097.752 119.0500 18.6
1098.252 119.0500 18.8
1098.753 119.3000 16.8
1099.254 118.5600 23.2
1099.754 118.8100 21.1
1100.256 119.3000 17.0
1100.756 118.5600 23.3
1101.258 119.0500 19.1
1101.758 119.0500 19.2
1102.258 118.8100 21.4
1102.760 118.8100 21.4
1103.260 118.5600 23.5
1103.762 118.5600 23.4
1104.262 118.3200 25.3
1104.764 118.8100 21.1
1105.264 119.5500 15.0
1105.764 118.8100 21.5
1106.266 118.8100 21.5
1106.768 118.8100 21.5
1107.268 119.0500 19.5
1107.769 119.8000 13.3
1108.270 119.3000 17.9
1108.770 119.0500 20.1
1109.271 119.3000 18.1
1109.772 105.0300 100.0
1110.273 120.5700 1.8
1110.774 119.3000 13.5
1111.275 119.3000 14.1
1111.776 119.8000 10.4
1112.277 119.3000 15.2
1112.777 118.5600 21.8
1113.278 119.8000 11.5
1113.779 119.0500 18.3
1114.280 119.5500 14.4
1114.781 119.8000 12.6
1115.282 119.5500 15.2
1115.783 119.8000 13.3
1116.283 119.5500 15.8
1116.784 119.8000 13.9
1117.285 119.5500 16.3
1117.786 120.0600 12.3
1118.287 120.0600 12.6
1118.788 120.0600 12.9
1119.288 119.8000 15.3
1119.789 120.3100 11.2
1120.290 119.8000 15.8
1120.790 120.3100 11.7
1121.291 119.8000 16.2
1121.792 120.3100 12.0
1122.293 120.3100 12.3
1122.794 120.8300 8.2
1123.295 120.3100 12.9
1123.796 120.5700 10.9
1124.296 120.3100 13.3
1124.797 122.1500 0.0
1125.298 120.8300 9.9
1125.799 120.3100 14.5
1126.300 120.5700 12.3
1126.801 120.5700 12.4
1127.301 120.5700 12.5
1127.803 120.3100 14.7
1128.303 121.3500 6.0
1128.805 120.8300 10.7
1129.305 120.3100 15.1
1129.807 120.5700 12.9
1130.308 121.0900 8.6
1130.809 120.8300 10.9
1131.309 121.0900 8.8
1131.810 121.0900 9.0
1132.311 121.3500 7.0
1132.812 120.8300 11.6
1133.313 121.6200 5.0
1133.814 120.8300 11.9
1134.315 121.0900 9.7
1134.816 121.0900 9.7
1135.316 120.8300 12.0
1135.817 121.6200 5.3
1136.318 120.5700 14.3
1136.819 120.8300 12.0
1137.320 120.8300 11.9
1137.821 121.8800 3.0
1138.322 120.8300 12.2
1138.822 120.5700 14.3
1139.323 121.6200 5.3
1139.824 120.5700 14.3
1140.325 120.8300 12.0
1140.826 120.8300 11.9
1141.327 120.3100 16.1
1141.828 121.6200 5.0
1142.328 120.0600 18.2
1142.829 121.6200 4.8
1143.330 120.8300 11.7
1143.830 121.0900 9.4
1144.331 122.1500 0.6
1144.832 120.8300 12.1
1145.333 121.6200 5.3
1145.834 120.8300 12.1
1146.335 121.3500 7.6
1146.835 121.3500 7.7
1147.336 121.6200 5.5
1147.836 120.8300 12.3
1148.338 120.8300 12.1
1148.838 121.0900 9.8
1149.340 121.8800 3.1
1149.840 120.8300 12.2
1150.340 121.0900 9.8
1150.842 121.0900 9.8
1151.342 120.8300 11.9
1151.844 121.0900 9.6
1152.344 120.8300 11.7
1152.846 120.8300 11.6
1153.346 120.8300 11.5
1153.846 121.0900 9.2
1154.348 119.8000 19.9
1154.850 120.8300 10.9
1155.350 121.0900 8.6
1155.852 120.8300 10.8
1156.352 120.8300 10.8
1156.852 121.0900 8.5
1157.353 120.8300 10.8
1157.854 120.8300 10.7
1158.355 120.8300 10.7
1158.856 121.0900 8.4
1159.357 120.5700 12.8
1159.858 120.5700 12.7
1160.358 121.3500 6.0
1160.859 121.0900 8.3
1161.360 120.8300 10.5
1161.861 119.8000 19.0
1162.362 120.3100 14.4
1162.863 120.5700 12.0
1163.364 120.8300 9.8
1163.865 120.3100 14.1
1164.366 120.0600 16.1
1164.866 120.8300 9.3
1165.368 120.3100 13.7
1165.868 120.3100 13.6
1166.369 120.3100 13.4
1166.870 120.3100 13.3
1167.371 120.3100 13.2
1167.872 120.5700 11.0
1168.372 120.3100 13.1
1168.873 120.5700 10.9
1169.373 120.0600 15.2
1169.874 120.5700 10.7
1170.375 120.0600 15.0
1170.876 120.0600 14.9
1171.377 120.5700 10.4
1171.878 120.0600 14.8
1172.379 120.0600 14.6
1172.879 120.0600 14.5
1173.380 120.0600 14.4
1173.881 120.3100 12.2
1174.382 119.5500 18.5
1174.883 120.0600 14.0
1175.383 119.3000 20.3
1175.885 120.0600 13.6
1176.385 120.0600 13.6
1176.885 120.0600 13.6
1177.387 119.5500 17.8
1177.887 119.8000 15.5
1178.389 119.5500 17.5
1178.889 119.5500 17.3
1179.391 119.0500 21.4
1179.892 119.8000 14.8
1180.393 119.8000 14.8
1180.893 119.8000 14.8
1181.394 119.3000 18.9
1181.895 119.3000 18.8
1182.396 119.0500 20.7
1182.897 120.0600 12.1
1183.398 119.3000 18.5
1183.899 119.0500 20.4
1184.399 119.0500 20.2
1184.900 118.8100 22.1
1185.401 119.0500 19.8
1185.902 119.5500 15.5
1186.403 118.8100 21.8
1186.904 119.0500 19.5
1187.405 119.0500 19.4
1187.906 119.0500 19.3
1188.406 119.0500 19.3
1188.907 119.3000 17.1
1189.408 119.5500 15.1
1189.909 119.0500 19.4
1190.410 119.0500 19.3
1190.911 118.8100 21.3
1191.412 118.0800 27.2
1191.913 118.5600 22.8
1192.413 118.0800 26.7
1192.914 119.3000 16.2
1193.415 120.8300 3.6
1193.915 119.3000 17.0
1194.416 119.0500 19.2
1194.917 119.5500 15.0
1195.418 119.0500 19.3
1195.919 119.0500 19.3
1196.420 118.8100 21.3
1196.920 118.8100 21.2
1197.420 118.5600 23.1
1197.922 119.0500 18.9
1198.422 119.3000 16.8
1198.924 119.0500 19.0
1199.424 119.3000 17.0
1199.926 118.8100 21.2
1200.426 119.5500 14.9
1200.926 118.8100 21.3
1201.428 118.8100 21.3
1201.928 119.0500 19.1
1202.430 119.5500 15.0
1202.930 119.0500 19.4
1203.432 119.3000 17.3
1203.932 118.5600 23.6
1204.434 118.8100 21.4
1204.934 118.8100 21.3
1205.435 119.0500 19.2
1205.936 118.8100 21.3
1206.437 119.0500 19.2
1206.938 118.5600 23.3
1207.439 119.5500 14.9
1207.939 119.3000 17.3
1208.440 119.5500 15.3
1208.941 119.0500 19.7
1209.442 119.5500 15.5
1209.943 119.0500 19.9
1210.444 118.5600 24.0
1210.945 119.3000 17.6
1211.445 119.3000 17.7
1211.946 118.8100 22.0
1212.447 119.3000 17.7
1212.948 119.0500 19.9
1213.449 119.0500 19.9
1213.950 119.0500 19.9
1214.450 119.8000 13.7
1214.951 120.0600 11.8
1215.452 120.0600 12.2
1215.953 119.8000 14.6
1216.454 119.0500 21.1
1216.955 118.5600 25.1
1217.455 119.8000 14.4
1217.955 120.3100 10.4
1218.457 120.0600 12.9
1218.957 119.5500 17.4
1219.458 119.8000 15.3
1219.959 120.0600 13.3
1220.460 121.3500 2.7
1220.961 120.0600 14.2
1221.462 119.3000 20.6
1221.962 119.8000 16.2
1222.463 119.8000 16.3
1222.964 119.8000 16.3
1223.465 120.3100 12.1
1223.966 120.0600 14.4
1224.467 120.0600 14.5
1224.967 119.8000 16.7
1225.469 120.0600 14.6
1225.969 120.3100 12.5
1226.471 120.3100 12.7
1226.971 120.3100 12.8
1227.471 120.5700 10.8
1227.973 120.3100 13.2
1228.474 120.3100 13.3
1228.975 120.3100 13.3
1229.476 119.8000 17.7
1229.977 120.0600 15.4
1230.478 120.3100 13.3
1230.979 120.5700 11.2
1231.479 120.5700 11.4
1231.980 120.3100 13.7
1232.481 119.8000 18.0
1232.982 120.5700 11.4
1233.483 120.3100 13.7
1233.984 120.3100 13.7
1234.484 120.3100 13.8
1234.985 120.5700 11.6
1235.486 120.5700 11.8
1235.987 120.0600 16.1
1236.488 119.8000 18.1
1236.989 119.3000 22.2
1237.490 120.5700 11.2
1237.992 119.5500 20.0
1238.493 120.5700 11.4
1238.993 120.3100 13.8
1239.494 120.5700 11.9
1239.995 120.8300 10.0
1240.496 120.8300 10.4
1240.997 120.3100 15.0
1241.497 120.5700 13.0
1241.998 120.8300 11.1
1242.498 120.5700 13.6
1242.999 120.5700 13.9
1243.500 120.8300 11.9
1244.001 120.3100 16.6
1244.502 120.3100 16.7
1245.003 120.5700 14.8
1245.504 120.3100 17.2
1246.004 120.5700 15.2
1246.504 120.0600 19.7
1247.006 120.3100 17.7
1247.506 120.5700 15.8
1248.008 120.8300 13.9
1248.508 121.0900 12.1
1249.010 120.3100 19.1
1249.510 120.8300 15.0
1250.010 120.8300 15.3
1250.512 120.3100 20.1
1251.012 120.8300 15.9
1251.514 120.3100 20.6
1252.014 120.3100 20.8
1252.514 121.0900 14.5
1253.016 118.0800 40.2
1253.518 120.5700 18.8
1254.018 120.8300 17.1
1254.519 120.5700 19.7
1255.020 121.0900 15.8
1255.520 121.0900 16.3
1256.022 120.3100 23.4
1256.523 120.0600 25.8
1257.023 121.0900 17.3
1257.524 121.0900 17.9
1258.025 121.0900 18.4
1258.526 120.8300 21.2
1259.027 120.8300 21.6
1259.528 120.5700 24.2
1260.029 120.8300 22.4
1260.529 121.0900 20.6
1261.030 120.8300 23.3
1261.531 120.3100 28.1
1262.032 120.3100 28.3
1262.533 119.5500 34.9
1263.034 120.3100 28.6
1263.535 121.6200 18.0
1264.035 120.8300 25.4
1264.536 120.5700 28.0
1265.037 120.8300 26.2
1265.538 120.8300 26.7
1266.038 120.8300 27.2
1266.539 120.8300 27.7
1267.040 121.0900 26.0
1267.540 120.5700 30.9
1268.041 119.3000 41.9
1268.542 121.0900 26.9
1269.043 121.3500 25.3
1269.544 120.8300 30.4
1270.045 120.8300 30.9
1270.545 120.8300 31.4
1271.046 121.0900 29.8
1271.547 120.8300 32.5
1272.048 120.8300 33.0
1272.549 121.0900 31.3
1273.050 121.0900 31.9
1273.551 120.5700 36.9
1274.051 121.3500 30.7
1274.551 120.8300 35.8
1275.053 120.3100 40.5
1275.553 120.8300 36.5
1276.055 121.3500 32.7
1276.555 121.6200 31.1
1277.057 120.5700 40.7
1277.557 121.8800 30.1
1278.058 120.8300 39.8
1278.559 121.0900 38.0
1279.060 121.8800 31.9
1279.561 121.8800 32.8
1280.062 121.3500 38.0
1280.563 121.3500 38.6
1281.063 121.3500 39.2
1281.564 121.6200 37.6
1282.065 121.6200 38.3
1282.566 121.8800 36.7
1283.067 121.8800 37.5
1283.568 121.6200 40.4
1284.069 121.8800 38.8
1284.569 122.1500 37.3
1285.070 122.1500 38.1
1285.572 122.4300 36.6
1286.073 122.1500 39.7
1286.574 122.1500 40.4
1287.075 122.1500 41.1
1287.576 122.9700 35.0
1288.077 122.7000 38.2
1288.578 124.1000 27.4
1289.079 122.7000 40.4
1289.580 122.9700 38.8
1290.080 123.2500 37.3
1290.580 123.8100 33.5
1291.081 123.5300 36.9
1291.582 123.5300 37.8
1292.083 123.8100 36.3
1292.584 124.1000 34.9
1293.085 123.8100 38.3
1293.585 123.2500 43.8
1294.086 123.8100 39.8
1294.586 124.3900 35.8
1295.088 124.1000 39.2
1295.588 124.3900 37.7
1296.090 124.6700 36.2
1296.590 124.9700 34.8
1297.090 124.6700 38.3
1297.592 124.9700 36.8
1298.092 124.9700 37.7
1298.594 125.2600 36.2
1299.094 125.5600 34.7
1299.596 125.5600 35.8
1300.096 125.5600 36.8
1300.596 126.4600 30.2
1301.098 126.1600 34.0
1301.600 125.8600 37.6
1302.100 126.4600 33.5
1302.602 126.4600 34.5
1303.102 126.4600 35.6
1303.602 126.7700 34.0
1304.103 127.0800 32.5
1304.604 126.1600 41.3
1305.105 127.7000 29.1
1305.606 127.3900 33.0
1306.107 128.0200 28.8
1306.608 127.7000 32.7
1307.108 127.7000 33.8
1307.609 128.9900 24.0
1308.110 128.6600 28.2
1308.611 127.7000 37.4
1309.112 128.3400 32.9
1309.613 129.3200 25.7
1310.113 129.3200 27.1
1310.614 128.9900 31.0
1311.115 130.3300 20.9
1311.616 129.3200 30.8
1312.117 129.3200 31.8
1312.618 129.3200 32.8
1313.119 130.6700 22.4
1313.619 129.9900 29.5
1314.120 130.3300 27.7
1314.621 131.0100 23.0
1315.122 130.3300 30.1
1315.622 128.3400 47.6
1316.123 135.8200 0.0
1316.624 131.0100 28.7
1317.124 131.7100 23.8
1317.625 131.3600 27.9
1318.126 132.4300 19.9
1318.627 131.7100 27.2
1319.128 132.0700 25.2
1319.629 132.4300 23.2
1320.130 132.4300 24.3
1320.630 132.7900 22.3
1321.131 133.9000 14.2
1321.632 133.9000 15.6
1322.133 133.1500 23.2
1322.633 133.1500 24.2
1323.135 133.1500 25.1
1323.635 135.0400 10.3
1324.135 134.2700 18.2
1324.637 133.9000 22.5
1325.137 135.0400 13.9
1325.639 134.2700 21.6
1326.139 133.9000 25.6
1326.641 133.5200 29.5
1327.142 135.4300 14.2
1327.643 134.2700 25.1
1328.143 135.0400 19.5
1328.644 129.9900 62.7
1329.145 135.4300 16.4
1329.646 145.2300 0.0
1330.147 135.8200 19.7
1330.648 135.4300 23.8
1331.149 135.0400 27.7
1331.649 136.2200 18.4
1332.150 136.2200 19.3
1332.651 136.6200 16.8
1333.152 135.8200 24.5
1333.653 135.4300 28.4
1334.154 136.6200 18.9
1334.654 137.0300 16.4
1335.155 137.0300 17.4
1335.656 140.9000 0.0
1336.157 137.0300 20.9
1336.658 137.4400 18.2
1337.159 137.4400 19.0
1337.660 137.0300 23.2
1338.160 137.0300 23.8
1338.661 135.4300 37.8
1339.162 134.6600 44.2
1339.663 137.8600 17.3
1340.163 137.8600 18.3
1340.664 137.8600 19.2
1341.165 138.2800 16.6
1341.665 138.2800 17.6
1342.166 138.7000 15.0
1342.667 138.2800 19.6
1343.168 138.7000 16.8
1343.669 138.2800 21.3
1344.170 138.7000 18.5
1344.670 139.1300 15.8
1345.170 138.7000 20.3
1345.672 139.5700 13.9
1346.172 139.5700 14.9
1346.674 139.5700 15.9
1347.174 140.0100 13.1
1347.676 139.1300 21.5
1348.176 173.9600 0.0
1348.676 139.1300 37.3
1349.178 140.4500 25.6
1349.678 140.4500 25.4
1350.180 140.4500 25.3
1350.680 141.3600 17.7
1351.180 140.4500 25.6
1351.682 139.5700 33.0
1352.184 140.4500 25.4
1352.684 141.3600 17.9
1353.185 140.4500 26.0
1353.686 140.0100 29.9
1354.187 140.0100 29.9
1354.688 141.3600 18.7
1355.188 140.0100 30.5
1355.689 140.0100 30.6
1356.190 140.4500 27.0
1356.691 140.4500 27.4
1357.192 140.4500 27.7
1357.693 142.2900 12.7
1358.194 141.3600 21.5
1358.694 141.3600 22.1
1359.195 141.8200 18.8
1359.696 141.8200 19.6
1360.197 141.3600 24.2
1360.698 141.3600 24.7
1361.199 141.8200 21.4
1361.700 141.3600 25.9
1362.200 141.3600 26.4
1362.701 141.3600 26.9
1363.202 142.2900 19.6
1363.703 142.2900 20.4
1364.204 142.2900 21.2
1364.705 141.8200 25.9
1365.205 141.8200 26.4
1365.705 141.8200 26.9
1366.206 141.8200 27.5
1366.707 141.3600 31.9
1367.208 141.3600 32.2
1367.709 141.8200 28.7
1368.210 142.2900 25.4
1368.710 142.2900 26.1
1369.211 142.7700 22.8
1369.712 141.8200 31.5
1370.213 142.2900 28.1
1370.714 143.7300 16.7
1371.215 141.3600 37.6
1371.716 143.2400 22.1
1372.216 142.2900 31.0
1372.717 142.7700 27.5
1373.217 142.2900 32.2
1373.719 143.7300 20.7
1374.219 143.7300 21.7
1374.721 142.2900 34.7
1375.221 143.2400 27.1
1375.721 136.2200 86.5
1376.223 143.2400 26.1
1376.724 143.7300 23.0
1377.225 143.7300 24.1
1377.726 144.2200 21.1
1378.227 143.7300 26.3
1378.727 142.7700 35.3
1379.228 144.2200 23.7
1379.729 143.7300 28.8
1380.230 143.7300 29.6
1380.731 143.7300 30.4
1381.232 143.7300 31.2
1381.733 143.7300 31.9
1382.233 143.7300 32.6
1382.734 144.7200 25.0
1383.235 144.7200 26.1
1383.736 144.7200 27.0
1384.237 144.2200 32.1
1384.738 144.7200 28.7
1385.239 144.7200 29.5
1385.740 144.7200 30.4
1386.241 146.2600 18.3
1386.741 145.2300 28.2
1387.242 145.2300 29.1
1387.743 145.2300 29.9
1388.244 148.4100 4.0
1388.745 146.2600 23.8
1389.246 145.7400 29.0
1389.746 145.7400 29.6
1390.247 144.7200 38.6
1390.747 144.7200 38.8
1391.248 146.2600 26.2
1391.749 146.7900 22.5
1392.250 144.2200 44.8
1392.751 145.7400 32.1
1393.251 144.2200 45.2
1393.752 145.7400 32.5
1394.253 145.7400 33.0
1394.754 146.7900 24.7
1395.254 147.3200 21.1
1395.756 146.7900 26.5
1396.256 144.7200 44.4
1396.756 146.7900 27.1
1397.258 147.3200 23.3
1397.758 146.7900 28.6
1398.260 145.7400 37.9
1398.760 147.8600 20.3
1399.262 147.3200 25.8
1399.762 148.9700 12.7
1400.262 146.7900 32.1
1400.764 147.8600 23.4
1401.264 146.7900 33.1
1401.766 146.7900 33.3
1402.268 147.8600 24.6
1402.768 149.5300 11.2
1403.268 148.4100 21.7
1403.769 148.4100 22.4
1404.270 148.4100 23.0
1404.771 147.3200 32.6
1405.272 147.3200 32.8
1405.773 147.8600 28.4
1406.274 148.9700 19.4
1406.775 148.9700 20.1
1407.275 148.4100 25.4
1407.776 148.4100 25.8
1408.277 148.4100 26.2
1408.778 147.3200 35.6
1409.279 149.5300 17.0
1409.780 147.8600 31.7
1410.280 148.9700 22.6
1410.781 148.4100 27.7
1411.282 148.4100 27.9
1411.783 148.9700 23.5
1412.284 147.8600 33.1
1412.785 149.5300 19.1
1413.286 150.1100 14.9
1413.786 148.9700 25.2
1414.287 148.4100 30.1
1414.788 150.1100 16.0
1415.288 150.1100 16.6
1415.789 150.1100 17.2
1416.290 149.5300 22.5
1416.790 150.6900 13.2
1417.291 150.1100 18.7
1417.792 149.5300 23.9
1418.293 150.1100 19.3
1418.794 150.6900 14.8
1419.295 150.6900 15.3
1419.796 150.1100 20.6
1420.296 150.6900 16.0
1420.797 149.5300 26.0
1421.298 151.8800 6.4
1421.799 149.5300 26.8
1422.300 150.6900 17.0
1422.801 149.5300 27.0
1423.301 150.6900 17.2
1423.801 150.1100 22.4
1424.303 151.2800 12.6
1424.803 150.6900 18.1
1425.305 151.2800 13.3
1425.805 150.6900 18.7
1426.307 150.1100 23.7
1426.808 151.2800 13.8
1427.308 150.6900 19.1
1427.809 150.6900 19.2
1428.310 151.2800 14.4
1428.811 151.8800 9.7
1429.312 150.6900 20.1
1429.813 152.4900 5.1
1430.313 151.8800 10.8
1430.814 151.8800 11.2
1431.315 151.2800 16.5
1431.816 151.8800 11.6
1432.317 151.2800 16.9
1432.818 151.2800 16.9
1433.319 152.4900 6.8
1433.819 152.4900 7.2
1434.320 151.8800 12.7
1434.821 152.4900 7.8
1435.322 151.8800 13.2
1435.823 151.8800 13.3
1436.324 151.8800 13.4
1436.825 151.8800 13.4
1437.325 149.5300 33.1
1437.826 151.8800 12.7
1438.327 152.4900 7.7
1438.828 153.1100 2.8
1439.329 151.8800 13.6
1439.830 153.1100 3.4
1440.330 151.8800 14.1
1440.830 151.8800 14.0
1441.331 151.8800 14.0
1441.832 151.8800 13.9
1442.334 153.7400 0.0
1442.835 151.8800 14.7
1443.335 151.8800 14.5
1443.836 153.1100 4.2
1444.336 151.8800 14.8
1444.838 151.8800 14.6
1445.338 152.4900 9.4
1445.840 151.8800 14.6
1446.340 152.4900 9.3
1446.840 151.8800 14.5
1447.342 151.8800 14.3
1447.842 157.7500 0.0
1448.344 151.8800 16.6
1448.844 151.2800 21.2
1449.346 153.1100 5.4
1449.846 152.4900 10.8
1450.348 151.8800 15.8
1450.850 151.8800 15.5
1451.350 151.8800 15.2
1451.850 149.5300 34.6
1452.352 150.1100 28.7
1452.852 152.4900 8.1
1453.353 151.2800 18.3
1453.854 151.8800 13.0
1454.354 152.4900 7.9
1454.855 153.7400 0.0
1455.356 148.4100 42.9
1455.857 152.4900 7.5
1456.358 151.8800 12.8
1456.859 151.8800 12.8
1457.360 151.2800 17.8
1457.860 152.4900 7.4
1458.361 151.8800 12.7
1458.862 151.8800 12.7
1459.363 150.1100 27.4
1459.864 151.8800 11.9
1460.365 151.8800 12.0
1460.866 150.1100 26.8
1461.366 151.2800 16.4
1461.867 151.2800 16.2
1462.368 151.8800 11.1
1462.869 152.4900 6.1
1463.370 149.5300 31.1
1463.871 150.1100 25.5
1464.371 149.5300 29.8
1464.872 151.8800 9.5
1465.372 151.2800 14.8
1465.873 151.2800 14.8
1466.374 150.6900 19.7
1466.875 150.1100 24.4
1467.376 151.8800 9.2
1467.876 149.5300 29.0
1468.377 150.1100 23.6
1468.878 150.6900 18.4
1469.379 150.1100 23.2
1469.880 150.1100 22.9
1470.381 151.8800 7.8
1470.882 149.5300 27.8
1471.382 150.1100 22.5
1471.883 149.5300 27.1
1472.383 150.6900 17.0
1472.885 149.5300 26.7
1473.385 150.6900 16.7
1473.887 151.2800 11.8
1474.387 150.6900 17.1
1474.887 149.5300 26.7
1475.389 150.6900 16.7
1475.889 151.2800 11.8
1476.391 150.1100 21.9
1476.892 150.1100 21.7
1477.393 150.6900 16.7
1477.893 148.4100 35.8
1478.394 148.9700 30.4
1478.895 150.6900 15.5
1479.396 150.6900 15.7
1479.897 150.1100 20.7
1480.398 150.6900 15.8
1480.899 150.6900 16.0
1481.399 153.7400 0.0
1481.900 150.1100 22.4
1482.401 150.6900 17.3
1482.902 147.3200 45.5
1483.403 150.1100 21.0
1483.904 148.4100 35.1
1484.405 149.5300 25.0
1484.905 148.4100 34.2
1485.406 150.1100 19.5
1485.907 148.4100 33.7
1486.408 148.9700 28.5
1486.909 149.5300 23.6
1487.410 148.9700 28.2
1487.911 149.5300 23.3
1488.411 149.5300 23.3
1488.912 149.5300 23.3
1489.413 150.1100 18.5
1489.913 147.3200 42.0
1490.414 148.4100 32.0
1490.915 149.5300 22.3
1491.415 148.9700 27.2
1491.916 148.9700 27.1
1492.417 149.5300 22.2
1492.918 148.9700 27.1
1493.419 148.4100 31.7
1493.920 148.4100 31.4
1494.420 148.4100 31.1
1494.920 147.8600 35.5
1495.422 149.5300 21.2
1495.922 148.9700 26.1
1496.424 146.7900 44.4
1496.924 150.1100 15.9
1497.424 149.5300 21.2
1497.926 148.4100 30.9
1498.426 149.5300 21.3
1498.928 149.5300 21.6
1499.428 148.9700 26.6
1499.930 148.4100 31.2
1500.430 148.4100 31.0
1500.930 147.8600 35.5
1501.432 148.4100 30.5
1501.934 148.9700 25.8
1502.434 147.8600 35.1
1502.935 147.3200 39.4
1503.436 149.5300 20.4
1503.936 149.5300 20.8
1504.437 147.8600 35.1
1504.938 148.9700 25.6
1505.439 150.6900 11.4
1505.940 148.4100 31.2
1506.441 148.9700 26.4
1506.942 147.8600 35.7
1507.442 150.1100 16.7
1507.943 149.5300 22.0
1508.444 147.3200 40.7
1508.945 149.5300 21.7
1509.446 148.9700 26.7
1509.947 148.9700 26.8
1510.447 148.4100 31.5
1510.948 148.9700 26.7
1511.449 148.4100 31.5
1511.950 148.9700 26.7
1512.451 148.4100 31.4
1512.952 150.1100 17.2
1513.453 149.5300 22.5
1513.954 148.9700 27.4
1514.454 150.1100 17.9
1514.955 150.1100 18.4
1515.455 150.1100 18.8
1515.956 150.1100 19.1
1516.457 149.5300 24.2
1516.958 151.2800 9.7
1517.458 149.5300 25.0
1517.960 150.1100 20.2
1518.461 152.4900 0.5
1518.961 150.1100 21.5
1519.462 149.5300 26.3
1519.963 150.1100 21.4
1520.464 150.1100 21.5
1520.965 148.4100 35.7
1521.466 150.1100 21.0
1521.966 148.4100 35.3
1522.467 150.6900 15.8
1522.967 150.6900 16.2
1523.469 150.1100 21.4
1523.969 151.2800 11.7
1524.471 150.1100 22.0
1524.971 151.2800 12.2
1525.473 148.9700 31.9
1525.974 150.1100 22.0
1526.474 150.1100 22.0
1526.975 149.5300 26.8
1527.476 150.6900 17.0
1527.977 150.1100 22.1
1528.478 150.6900 17.2
1528.979 150.1100 22.3
1529.480 151.2800 12.5
1529.980 150.6900 17.9
1530.481 150.1100 22.9
1530.982 151.2800 13.0
1531.483 150.6900 18.3
1531.984 151.8800 8.4
1532.485 149.5300 28.6
1532.986 151.2800 13.6
1533.486 150.6900 18.8
1533.987 151.2800 13.9
1534.488 148.9700 33.5
1534.989 150.1100 23.3
1535.490 150.6900 18.3
1535.991 149.5300 28.1
1536.492 150.6900 18.1
1536.992 150.6900 18.2
1537.493 150.6900 18.3
1537.994 150.6900 18.4
1538.495 150.1100 23.3
1538.996 150.6900 18.3
1539.497 151.2800 13.4
1539.997 150.1100 23.5
1540.498 151.2800 13.5
1540.999 148.9700 33.1
1541.499 151.2800 13.2
1542.000 150.1100 23.3
1542.501 151.2800 13.3
1543.002 149.5300 28.2
1543.503 150.1100 23.1
1544.004 150.6900 18.1
1544.504 151.2800 13.2
1545.006 151.2800 13.5
1545.506 151.8800 8.7
1546.006 151.2800 14.2
1546.508 150.6900 19.3
1547.008 151.2800 14.3
1547.510 151.2800 14.5
1548.010 150.1100 24.4
1548.512 150.6900 19.2
1549.012 151.8800 9.2
1549.512 152.4900 4.5
1550.014 151.2800 15.2
1550.514 151.8800 10.2
1551.016 151.2800 15.5
1551.518 150.6900 20.4
1552.018 151.2800 15.3
1552.518 151.2800 15.3
1553.019 151.8800 10.3
1553.520 151.8800 10.5
1554.021 151.2800 15.7
1554.522 150.6900 20.6
1555.023 151.2800 15.4
1555.524 151.8800 10.4
1556.025 153.1100 0.3
1556.525 151.2800 16.2
1557.026 151.2800 16.1
1557.527 151.8800 11.0
1558.028 151.8800 11.1
1558.529 150.6900 21.1
1559.030 151.2800 15.9
1559.531 151.2800 15.8
