# time_s  setpoint_c  celsius  duty_pct
# 13:29:54  started, log sequence_20260909_132952.txt
# 13:29:54  stage 1/3: target 90.0 C (up)
245.414 78.33 77.38 17.5
245.915 78.43 77.52 17.2
246.415 78.53 77.45 18.7
246.916 78.63 77.59 18.3
247.417 78.73 77.66 18.5
247.918 78.83 77.74 18.8
248.419 78.93 77.95 17.8
248.920 79.03 77.95 18.6
249.420 79.13 77.95 19.5
249.921 79.23 78.32 17.2
250.422 79.33 78.46 16.9
250.923 79.43 78.32 19.1
251.424 79.53 78.39 19.3
251.925 79.63 78.83 16.4
252.426 79.73 78.83 17.3
252.927 79.83 78.83 18.2
253.427 79.93 78.69 20.3
253.928 80.03 79.13 17.4
254.429 80.13 78.98 19.5
254.930 80.23 79.06 19.7
255.431 80.33 79.06 20.5
255.931 80.43 78.83 23.2
256.432 80.53 79.28 20.1
256.933 80.63 79.66 17.7
257.434 80.73 79.59 19.3
257.935 80.83 79.59 20.1
258.435 80.93 79.74 19.7
258.936 81.03 80.12 17.3
259.437 81.13 80.05 18.9
259.938 81.23 80.12 19.1
260.439 81.33 80.12 20.0
260.940 81.43 80.36 18.9
261.441 81.53 80.20 21.1
261.942 81.63 80.59 18.6
262.442 81.73 80.59 19.5
262.943 81.83 80.83 18.4
263.444 81.93 80.75 20.0
263.945 82.03 80.99 18.9
264.446 82.13 80.99 19.7
264.947 82.23 81.15 19.3
265.447 82.33 81.31 18.8
265.948 82.43 81.07 21.7
266.449 82.53 81.55 18.5
266.950 82.63 81.63 18.7
267.451 82.73 81.63 19.6
267.951 82.83 81.71 19.8
268.452 82.93 82.03 18.0
268.953 83.03 82.03 18.9
269.454 83.13 82.20 18.4
269.955 83.23 82.28 18.7
270.455 83.33 82.53 17.5
270.955 83.43 82.28 20.5
271.456 83.53 82.70 17.9
271.957 83.63 82.61 19.5
272.458 83.73 82.70 19.7
272.958 83.83 82.95 18.4
273.459 83.93 82.78 20.8
273.960 84.03 83.03 19.4
274.461 84.13 83.29 18.2
274.962 84.23 83.46 17.7
275.463 84.33 83.37 19.4
275.964 84.43 83.46 19.5
276.464 84.53 83.63 18.9
276.965 84.63 83.98 17.0
277.466 84.73 84.06 17.2
277.967 84.83 83.98 18.9
278.468 84.93 84.33 16.9
278.969 85.03 84.24 18.6
279.469 85.13 84.06 20.9
279.970 85.23 84.50 18.0
280.471 85.33 84.59 18.2
280.972 85.43 84.41 20.6
281.473 85.53 84.59 19.9
281.974 85.63 84.68 20.0
282.474 85.73 85.04 17.9
282.975 85.83 85.13 18.1
283.476 85.93 85.31 17.5
283.977 86.03 85.40 17.6
284.478 86.13 85.49 17.8
284.979 86.22 85.85 15.5
285.479 86.32 85.85 16.4
285.980 86.41 85.85 17.2
286.481 86.50 86.04 16.5
286.982 86.59 86.41 14.1
287.483 86.67 86.04 18.1
287.984 86.76 86.22 17.2
288.485 86.84 86.88 12.4
288.985 86.92 86.32 18.0
289.486 86.99 86.79 14.7
289.987 87.07 87.26 11.5
290.488 87.14 86.60 17.9
290.988 87.21 87.26 12.9
291.489 87.28 87.17 14.5
291.990 87.35 87.17 15.2
292.491 87.42 87.75 10.9
292.992 87.48 87.55 13.4
293.493 87.54 87.65 13.2
293.993 87.61 87.46 15.5
294.494 87.67 87.85 12.8
294.995 87.72 87.94 12.6
295.496 87.78 87.65 15.6
295.997 87.84 88.04 12.8
296.497 87.89 88.24 11.8
296.997 87.94 88.24 12.4
297.498 87.99 88.24 12.9
297.999 88.04 88.54 11.0
298.500 88.09 89.24 5.7
299.001 88.14 88.94 9.0
299.501 88.19 88.94 9.6
300.002 88.23 88.74 11.9
300.503 88.28 89.04 9.8
301.004 88.32 89.35 7.7
301.505 88.36 89.14 10.0
302.006 88.40 89.45 7.9
302.507 88.44 89.35 9.3
# 13:30:52  stage 1, target 90.0 C, now 89.35 C, 58 s in stage
303.007 88.48 89.45 8.9
303.508 88.52 89.86 5.9
304.009 88.56 89.45 9.9
304.510 88.59 89.76 7.7
305.011 88.63 90.28 3.8
305.512 88.66 90.18 5.3
306.012 88.70 89.86 8.4
306.513 88.73 90.18 6.2
307.014 88.76 90.28 5.7
307.515 88.79 90.07 7.9
308.016 88.82 90.39 5.6
308.517 88.85 90.49 5.1
309.017 88.88 90.70 3.7
309.518 88.91 90.49 5.9
310.019 88.94 90.92 2.7
310.520 88.96 91.35 0.0
311.021 88.99 91.03 2.9
311.521 89.01 91.03 3.3
312.022 89.04 91.35 0.9
312.523 89.06 90.92 5.0
313.024 89.09 91.35 1.6
313.525 89.11 90.92 5.6
314.026 89.13 91.57 0.3
314.526 89.15 91.46 1.6
315.027 89.17 91.79 0.0
315.528 89.19 91.35 3.4
316.029 89.21 91.79 0.0
316.530 89.23 91.46 3.1
317.030 89.25 91.90 0.0
317.531 89.27 91.90 0.0
318.032 89.29 91.90 0.3
318.533 89.31 92.23 0.0
319.034 89.32 91.68 2.8
319.535 89.34 92.12 0.0
320.035 89.36 91.57 4.2
320.536 89.37 91.68 3.3
321.037 89.39 92.01 0.6
321.538 89.41 91.79 2.6
322.038 89.42 92.34 0.0
322.538 89.43 92.01 1.2
323.039 89.45 92.34 0.0
323.540 89.46 92.23 0.0
324.041 89.48 92.23 0.1
324.542 89.49 92.91 0.0
325.043 89.50 92.57 0.0
325.543 89.51 92.23 1.0
326.044 89.53 91.90 3.8
326.545 89.54 92.57 0.0
327.046 89.55 92.46 0.0
327.547 89.56 92.34 0.5
328.048 89.57 92.12 2.4
# 13:31:17  stage 1 done at 92.12 C after 83 s
# 13:31:17  stage 2/3: target 60.0 C (down)
328.549 89.58 92.46 0.0
329.050 89.59 92.57 0.0
329.551 89.59 92.23 1.4
330.052 89.59 92.46 0.0
330.553 89.59 92.57 0.0
331.054 89.58 92.34 0.3
331.555 89.57 92.46 0.0
332.055 89.57 92.46 0.0
332.556 89.55 92.79 0.0
333.057 89.54 92.79 0.0
333.558 89.52 92.46 0.0
334.059 89.51 94.78 0.0
334.559 89.49 92.23 1.6
335.060 89.46 92.46 0.0
335.561 89.44 92.01 2.8
336.062 89.41 92.12 1.4
336.563 89.39 92.12 1.0
337.064 89.36 92.46 0.0
337.564 89.32 92.23 0.0
338.065 89.29 92.23 0.0
338.566 89.26 92.12 0.0
339.067 89.22 92.01 0.3
339.568 89.18 92.01 0.0
340.069 89.14 92.01 0.0
340.570 89.10 92.12 0.0
341.071 89.06 91.90 0.0
341.571 89.02 91.90 0.0
342.072 88.97 91.90 0.0
342.573 88.92 91.90 0.0
343.074 88.88 92.01 0.0
343.575 88.83 91.57 0.7
344.075 88.78 91.79 0.0
344.576 88.72 91.90 0.0
345.077 88.67 91.79 0.0
345.578 88.62 91.79 0.0
346.079 88.56 91.79 0.0
346.580 88.50 91.79 0.0
347.080 88.45 91.68 0.0
347.580 88.39 91.46 0.0
348.081 88.33 91.24 0.0
348.582 88.27 91.35 0.0
349.083 88.21 91.35 0.0
349.584 88.14 91.24 0.0
350.084 88.08 91.46 0.0
350.585 88.02 91.13 0.0
351.086 87.95 91.24 0.0
351.587 87.88 91.24 0.0
352.088 87.82 91.03 0.0
352.589 87.75 91.35 0.0
353.090 87.68 90.92 0.0
353.590 87.61 91.03 0.0
354.091 87.54 90.70 0.0
354.592 87.47 90.81 0.0
355.093 87.40 90.60 0.0
355.594 87.33 90.60 0.0
356.095 87.25 89.86 3.1
356.595 87.18 90.28 0.0
357.096 87.10 90.49 0.0
357.597 87.03 90.28 0.0
358.098 86.95 90.18 0.0
358.599 86.88 89.35 4.1
359.100 86.80 90.07 0.0
359.601 86.72 89.65 0.0
360.101 86.64 89.76 0.0
360.602 86.57 89.97 0.0
361.103 86.49 89.55 0.0
361.604 86.41 89.86 0.0
362.105 86.33 89.65 0.0
362.606 86.25 89.65 0.0
# 13:31:52  stage 2, target 60.0 C, now 89.65 C, 35 s in stage
363.106 86.17 89.55 0.0
363.607 86.08 89.24 0.0
364.108 86.00 89.24 0.0
364.609 85.92 89.24 0.0
365.110 85.84 89.04 0.0
365.610 85.75 88.84 0.0
366.111 85.67 89.04 0.0
366.612 85.59 88.84 0.0
367.113 85.50 88.84 0.0
367.614 85.42 89.04 0.0
368.115 85.33 88.74 0.0
368.615 85.24 88.84 0.0
369.116 85.16 88.54 0.0
369.617 85.07 88.04 0.6
370.118 84.99 88.54 0.0
370.619 84.90 88.04 0.0
371.120 84.81 88.24 0.0
371.620 84.72 88.44 0.0
372.121 84.64 87.94 0.0
372.622 84.55 87.94 0.0
373.122 84.46 87.85 0.0
373.623 84.37 87.55 0.0
374.123 84.28 88.14 0.0
374.624 84.19 87.65 0.0
375.125 84.10 87.46 0.0
375.626 84.01 87.75 0.0
376.127 83.92 87.46 0.0
376.627 83.83 87.26 0.0
