# time_s  setpoint_c  celsius  duty_pct
# 13:32:20  started, log sequence_20260909_133218.txt
# 13:32:20  stage 1/3: target 90.0 C (up)
390.648 81.22 84.59 0.0
391.149 81.14 84.50 0.0
391.650 81.06 84.33 0.0
392.151 80.98 84.24 0.0
392.651 80.91 84.50 0.0
393.152 80.84 83.98 0.4
393.653 80.78 83.98 0.0
394.154 80.72 83.80 0.7
394.655 80.66 83.98 0.0
395.155 80.61 83.72 0.4
395.656 80.56 83.80 0.0
396.157 80.52 83.63 0.2
396.658 80.48 83.54 0.5
397.159 80.44 83.46 0.7
397.660 80.41 83.37 1.0
398.161 80.38 83.29 1.3
398.661 80.35 83.03 3.0
399.162 80.33 83.12 1.8
399.663 80.31 83.12 1.4
400.163 80.29 82.86 3.2
400.664 80.28 82.86 2.8
401.165 80.26 83.03 1.1
401.665 80.25 82.45 5.7
402.166 80.25 82.53 4.6
402.667 80.24 82.36 5.6
403.168 80.24 82.28 6.0
403.669 80.25 82.12 7.0
404.170 80.25 82.03 7.4
404.670 80.26 81.87 8.4
405.171 80.26 81.95 7.4
405.672 80.28 81.79 8.5
406.173 80.29 81.95 6.9
406.674 80.30 81.55 10.1
407.175 80.32 81.55 9.8
407.676 80.34 81.71 8.2
408.176 80.36 81.63 8.8
408.677 80.39 81.55 9.3
409.178 80.41 81.15 12.6
409.679 80.44 81.15 12.3
410.180 80.47 80.99 13.5
410.680 80.50 80.83 14.6
411.181 80.53 80.83 14.4
411.682 80.57 80.83 14.3
412.183 80.60 80.75 14.8
412.684 80.64 80.59 16.0
413.185 80.68 80.75 14.6
413.686 80.72 80.43 17.2
414.187 80.76 80.43 17.1
414.688 80.80 80.20 19.0
415.189 80.85 80.05 20.2
415.690 80.90 80.20 18.8
416.190 80.94 79.89 21.3
416.691 80.99 79.97 20.6
417.192 81.04 80.36 17.4
417.693 81.09 79.74 22.7
418.194 81.15 79.74 22.6
418.695 81.20 79.66 23.3
419.195 81.26 79.51 24.6
419.696 81.31 79.36 25.8
420.197 81.37 79.51 24.6
420.698 81.43 79.51 24.6
421.199 81.49 79.74 22.8
421.700 81.55 79.28 26.9
422.201 81.61 79.13 28.2
422.701 81.67 79.51 25.1
423.202 81.73 79.21 27.9
423.703 81.80 79.28 27.4
424.204 81.86 79.43 26.4
424.705 81.93 78.98 30.4
425.205 82.00 79.28 28.0
425.705 82.06 79.06 30.2
426.206 82.13 78.98 31.0
426.707 82.20 78.76 33.1
427.208 82.27 78.98 31.4
427.709 82.34 79.21 29.8
428.209 82.41 78.98 32.1
428.710 82.49 78.83 33.6
429.211 82.56 79.13 31.4
429.712 82.63 78.91 33.7
430.213 82.71 78.98 33.4
430.714 82.78 79.21 31.9
431.215 82.86 78.76 36.1
431.716 82.93 78.76 36.5
432.216 83.01 79.28 32.4
432.717 83.09 79.06 34.9
433.218 83.16 79.36 32.8
433.719 83.24 78.98 36.5
434.220 83.32 79.28 34.4
434.721 83.40 79.43 33.7
435.221 83.48 79.59 33.1
435.722 83.56 79.74 32.5
436.223 83.64 79.59 34.4
436.724 83.72 79.59 35.1
437.225 83.81 79.43 37.0
437.726 83.89 79.66 35.6
438.227 83.97 79.43 38.1
438.727 84.05 79.66 36.8
439.228 84.14 80.12 33.6
439.729 84.22 79.89 36.3
440.230 84.31 80.12 35.1
440.731 84.39 80.36 33.9
441.232 84.48 80.28 35.3
441.732 84.56 80.20 36.8
442.233 84.65 80.43 35.5
442.734 84.73 80.59 35.0
443.235 84.82 80.99 32.5
443.736 84.91 80.83 34.8
444.236 85.00 80.67 36.9
444.737 85.08 80.99 35.0
445.238 85.17 81.15 34.6
445.739 85.26 81.31 34.1
446.240 85.35 81.15 36.4
446.741 85.44 81.39 35.2
447.242 85.53 81.55 34.7
447.742 85.62 81.63 34.9
448.243 85.70 81.71 35.1
# 13:33:18  stage 1, target 90.0 C, now 81.71 C, 58 s in stage
448.744 85.79 81.95 34.0
449.245 85.88 82.45 30.8
449.746 85.98 82.36 32.6
450.247 86.07 82.45 32.9
450.747 86.16 82.70 31.8
451.247 86.25 82.78 32.1
451.748 86.34 82.95 31.8
452.249 86.43 82.95 32.8
452.750 86.52 83.46 29.4
453.251 86.61 83.46 30.4
453.751 86.69 83.46 31.3
454.252 86.77 84.06 27.2
454.753 86.85 83.89 29.6
455.254 86.93 84.15 28.4
455.755 87.01 84.33 27.9
456.256 87.08 84.41 28.1
456.757 87.16 84.68 26.7
457.258 87.23 84.86 26.2
457.758 87.30 85.13 24.9
458.259 87.37 85.40 23.6
458.760 87.43 85.13 26.8
459.261 87.50 85.58 23.9
459.762 87.56 85.67 24.0
460.262 87.62 85.76 24.1
460.763 87.68 86.22 21.1
461.264 87.74 86.22 22.1
461.765 87.79 86.69 19.1
462.266 87.85 86.60 20.8
462.767 87.90 87.07 17.8
463.268 87.95 86.88 20.3
463.768 88.01 87.17 18.8
464.269 88.06 87.75 14.8
464.770 88.10 87.94 14.1
465.271 88.15 87.85 15.9
465.772 88.20 88.14 14.3
466.273 88.24 88.54 11.9
466.773 88.29 88.34 14.6
467.274 88.33 88.84 11.2
467.775 88.37 88.84 12.1
468.276 88.41 89.24 9.6
468.777 88.45 89.14 11.3
469.278 88.49 88.94 13.8
469.778 88.53 89.86 6.7
470.279 88.57 89.65 9.4
470.780 88.60 90.18 5.8
471.281 88.64 90.18 6.7
471.782 88.67 90.18 7.5
472.283 88.70 90.70 3.8
472.784 88.74 90.60 5.5
473.284 88.77 91.13 1.8
473.785 88.80 91.03 3.5
474.286 88.83 91.13 3.3
474.787 88.86 91.35 2.2
475.288 88.89 91.57 1.1
475.788 88.91 91.79 0.0
476.288 88.94 92.12 0.0
476.789 88.97 91.79 1.7
477.290 88.99 92.01 0.5
477.791 89.02 92.12 0.1
478.292 89.04 92.57 0.0
478.793 89.07 92.68 0.0
479.294 89.09 93.02 0.0
479.794 89.11 93.14 0.0
480.295 89.14 92.79 0.0
480.796 89.16 93.25 0.0
481.297 89.18 93.48 0.0
481.798 89.20 93.25 0.0
482.298 89.22 93.25 0.0
482.799 89.24 93.72 0.0
483.300 89.26 93.95 0.0
483.801 89.28 94.07 0.0
484.302 89.29 94.19 0.0
484.803 89.31 93.72 0.0
485.303 89.33 93.95 0.0
485.804 89.35 94.31 0.0
486.305 89.36 94.42 0.0
486.806 89.38 94.54 0.0
487.307 89.39 94.66 0.0
487.808 89.41 94.42 0.0
488.309 89.42 94.66 0.0
488.810 89.44 95.03 0.0
489.311 89.45 95.15 0.0
489.812 89.47 94.91 0.0
490.312 89.48 95.15 0.0
490.813 89.49 95.15 0.0
491.314 89.50 95.27 0.0
491.815 89.52 95.15 0.0
492.316 89.53 95.15 0.0
492.817 89.54 95.27 0.0
493.317 89.55 95.27 0.0
493.818 89.56 94.78 0.0
494.319 89.57 95.39 0.0
494.820 89.58 95.52 0.0
495.321 89.60 95.39 0.0
495.821 89.61 96.01 0.0
496.322 89.62 95.76 0.0
496.823 89.62 96.01 0.0
497.324 89.63 95.52 0.0
# 13:34:07  stage 1 done at 95.52 C after 107 s
# 13:34:07  stage 2/3: target 60.0 C (down)
497.826 89.64 95.52 0.0
498.327 89.64 95.64 0.0
498.828 89.65 95.76 0.0
499.328 89.65 95.64 0.0
499.829 89.64 95.76 0.0
500.330 89.64 97.03 0.0
500.830 89.63 95.64 0.0
501.331 89.62 95.89 0.0
501.832 89.60 95.89 0.0
502.332 89.59 95.76 0.0
502.833 89.57 96.14 0.0
503.334 89.55 95.89 0.0
503.835 89.53 96.39 0.0
504.336 89.51 95.89 0.0
504.837 89.48 96.01 0.0
505.338 89.46 95.64 0.0
505.838 89.43 95.76 0.0
506.339 89.40 95.64 0.0
506.840 89.36 95.64 0.0
507.341 89.33 95.76 0.0
507.842 89.29 95.52 0.0
508.342 89.26 95.64 0.0
# 13:34:18  stage 2, target 60.0 C, now 95.64 C, 11 s in stage
508.843 89.22 95.64 0.0
509.344 89.18 95.64 0.0
509.845 89.13 95.64 0.0
510.346 89.09 95.64 0.0
510.847 89.05 95.15 0.0
511.347 89.00 95.52 0.0
511.848 88.95 95.39 0.0
512.349 88.90 95.76 0.0
512.850 88.85 95.64 0.0
513.351 88.80 95.15 0.0
513.852 88.75 95.27 0.0
514.353 88.70 95.76 0.0
514.854 88.64 95.52 0.0
515.355 88.59 95.39 0.0
515.855 88.53 95.03 0.0
516.356 88.47 96.65 0.0
516.857 88.41 95.64 0.0
517.358 88.35 94.78 0.0
517.859 88.29 95.15 0.0
518.359 88.23 95.03 0.0
518.860 88.16 95.03 0.0
519.361 88.10 95.03 0.0
519.862 88.04 94.91 0.0
520.363 87.97 95.03 0.0
520.864 87.90 94.42 0.0
521.364 87.84 94.91 0.0
521.865 87.77 94.78 0.0
522.366 87.70 94.66 0.0
522.867 87.63 94.54 0.0
523.368 87.56 94.78 0.0
523.869 87.49 94.66 0.0
524.370 87.41 94.07 0.0
524.870 87.34 94.42 0.0
525.371 87.27 95.03 0.0
525.872 87.19 94.42 0.0
526.372 87.12 94.31 0.0
526.873 87.04 94.07 0.0
527.373 86.97 93.83 0.0
527.874 86.89 94.07 0.0
528.375 86.81 94.19 0.0
528.876 86.74 93.83 0.0
529.377 86.66 93.25 0.0
529.878 86.58 93.72 0.0
530.378 86.50 93.83 0.0
530.879 86.42 93.60 0.0
531.380 86.34 93.48 0.0
531.881 86.26 93.48 0.0
532.382 86.18 93.14 0.0
532.883 86.09 93.14 0.0
533.383 86.01 92.91 0.0
533.884 85.93 92.91 0.0
534.385 85.85 92.79 0.0
534.886 85.76 93.14 0.0
535.387 85.68 92.68 0.0
535.888 85.59 92.91 0.0
536.388 85.51 92.91 0.0
536.889 85.42 92.68 0.0
537.390 85.34 92.34 0.0
537.891 85.25 92.46 0.0
538.392 85.17 92.79 0.0
538.893 85.08 92.34 0.0
539.394 84.99 92.34 0.0
539.894 84.91 91.79 0.0
540.395 84.82 90.70 0.0
540.896 84.73 92.01 0.0
541.397 84.64 92.01 0.0
541.898 84.55 92.12 0.0
542.399 84.46 91.57 0.0
542.900 84.38 91.24 0.0
543.400 84.29 91.57 0.0
543.901 84.20 91.13 0.0
544.402 84.11 91.68 0.0
544.903 84.02 91.24 0.0
545.404 83.93 91.13 0.0
545.905 83.84 90.92 0.0
546.405 83.74 91.13 0.0
546.906 83.65 90.81 0.0
547.407 83.56 90.70 0.0
547.908 83.47 90.60 0.0
548.409 83.38 90.60 0.0
548.910 83.29 90.81 0.0
549.410 83.20 90.28 0.0
549.911 83.10 90.18 0.0
550.412 83.01 90.39 0.0
550.913 82.92 90.28 0.0
551.413 82.82 90.18 0.0
551.914 82.73 89.86 0.0
552.414 82.64 89.97 0.0
552.915 82.55 89.76 0.0
553.416 82.45 89.55 0.0
553.917 82.36 89.45 0.0
554.418 82.26 89.65 0.0
554.919 82.17 89.45 0.0
555.420 82.08 89.24 0.0
555.920 81.98 89.45 0.0
556.421 81.89 89.04 0.0
556.922 81.79 89.14 0.0
557.423 81.70 88.84 0.0
557.924 81.60 88.84 0.0
558.425 81.51 88.64 0.0
558.926 81.41 88.44 0.0
559.427 81.32 88.44 0.0
559.927 81.22 88.64 0.0
560.428 81.13 88.24 0.0
560.929 81.03 88.14 0.0
561.430 80.94 88.04 0.0
561.931 80.84 88.04 0.0
562.431 80.74 87.75 0.0
562.932 80.65 87.65 0.0
563.433 80.55 87.55 0.0
563.934 80.46 86.88 0.0
564.435 80.36 87.46 0.0
564.936 80.26 87.17 0.0
565.436 80.17 87.07 0.0
565.937 80.07 87.17 0.0
566.438 79.97 86.98 0.0
566.939 79.88 86.79 0.0
567.440 79.78 86.79 0.0
567.941 79.68 86.69 0.0
568.442 79.59 86.69 0.0
# 13:35:18  stage 2, target 60.0 C, now 86.69 C, 71 s in stage
568.942 79.49 86.41 0.0
569.443 79.39 86.50 0.0
569.944 79.29 86.41 0.0
570.445 79.20 86.50 0.0
570.946 79.10 86.22 0.0
571.446 79.00 86.13 0.0
571.947 78.90 85.85 0.0
572.448 78.81 85.85 0.0
572.949 78.71 85.49 0.0
573.450 78.61 85.76 0.0
573.951 78.51 85.85 0.0
574.451 78.42 85.67 0.0
574.953 78.32 85.31 0.0
575.453 78.22 85.04 0.0
575.954 78.12 85.22 0.0
576.455 78.02 84.95 0.0
576.955 77.93 84.86 0.0
577.456 77.83 84.77 0.0
577.957 77.73 84.15 0.0
578.457 77.63 84.68 0.0
578.958 77.53 84.68 0.0
579.459 77.44 84.41 0.0
579.960 77.34 84.24 0.0
580.461 77.24 84.41 0.0
580.962 77.14 84.41 0.0
581.462 77.04 83.63 0.0
581.963 76.94 84.06 0.0
582.464 76.85 83.80 0.0
582.965 76.75 83.89 0.0
583.466 76.65 83.63 0.0
583.966 76.55 83.37 0.0
584.467 76.45 83.54 0.0
584.968 76.35 83.63 0.0
585.469 76.25 83.29 0.0
585.970 76.16 83.20 0.0
586.471 76.06 83.12 0.0
586.971 75.96 83.29 0.0
587.472 75.86 82.86 0.0
587.973 75.76 83.03 0.0
588.474 75.66 82.78 0.0
588.975 75.56 82.61 0.0
589.475 75.46 82.78 0.0
589.976 75.36 82.53 0.0
590.477 75.27 82.12 0.0
590.978 75.17 82.28 0.0
591.479 75.07 82.03 0.0
591.980 74.97 81.79 0.0
592.481 74.87 81.79 0.0
592.981 74.77 81.95 0.0
593.482 74.67 81.71 0.0
593.983 74.57 81.55 0.0
594.484 74.47 81.55 0.0
594.985 74.37 81.15 0.0
595.486 74.27 81.39 0.0
595.986 74.17 81.55 0.0
596.487 74.08 81.07 0.0
596.988 73.98 80.99 0.0
597.489 73.88 80.83 0.0
597.990 73.78 80.67 0.0
598.491 73.68 80.59 0.0
598.992 73.58 80.75 0.0
599.492 73.48 80.51 0.0
599.993 73.38 80.36 0.0
600.494 73.28 80.12 0.0
600.995 73.18 80.20 0.0
601.496 73.08 80.05 0.0
601.997 72.98 80.05 0.0
602.497 72.88 79.74 0.0
602.997 72.78 79.97 0.0
603.498 72.68 79.82 0.0
603.999 72.58 79.36 0.0
604.500 72.49 79.51 0.0
605.001 72.39 79.43 0.0
605.502 72.29 79.28 0.0
606.003 72.19 78.83 0.0
606.503 72.09 78.98 0.0
607.004 71.99 78.91 0.0
607.505 71.89 78.83 0.0
608.006 71.79 78.76 0.0
608.507 71.69 78.61 0.0
609.008 71.59 78.91 0.0
609.508 71.49 78.39 0.0
610.009 71.39 78.46 0.0
610.510 71.29 78.24 0.0
611.011 71.19 78.32 0.0
611.512 71.09 78.32 0.0
612.013 70.99 78.10 0.0
612.514 70.89 77.81 0.0
613.014 70.79 77.66 0.0
613.515 70.69 77.88 0.0
614.016 70.59 77.74 0.0
614.517 70.49 77.59 0.0
615.018 70.39 77.38 0.0
615.518 70.29 77.45 0.0
616.019 70.19 77.31 0.0
616.520 70.09 77.24 0.0
617.021 69.99 77.09 0.0
617.522 69.90 77.09 0.0
618.023 69.80 76.67 0.0
618.523 69.70 76.53 0.0
619.024 69.60 76.60 0.0
619.525 69.50 76.53 0.0
620.026 69.40 76.53 0.0
620.527 69.30 76.25 0.0
621.028 69.20 76.47 0.0
621.529 69.10 76.12 0.0
622.029 69.00 76.05 0.0
622.530 68.90 75.98 0.0
623.031 68.80 75.91 0.0
623.532 68.70 75.84 0.0
624.033 68.60 75.64 0.0
624.534 68.50 75.37 0.0
625.034 68.40 75.50 0.0
625.535 68.30 75.37 0.0
626.036 68.20 75.30 0.0
626.537 68.10 75.17 0.0
627.038 68.00 75.10 0.0
627.538 67.90 75.04 0.0
628.038 67.80 74.84 0.0
# 13:36:18  stage 2, target 60.0 C, now 74.84 C, 131 s in stage
628.539 67.70 74.71 0.0
629.040 67.60 74.71 0.0
629.541 67.50 74.71 0.0
630.042 67.40 74.44 0.0
630.543 67.30 74.38 0.0
631.043 67.20 74.18 0.0
631.544 67.10 74.18 0.0
632.045 67.00 74.31 0.0
632.546 66.90 73.99 0.0
633.047 66.80 73.99 0.0
633.547 66.70 73.80 0.0
634.048 66.60 73.73 0.0
634.549 66.50 73.67 0.0
635.050 66.40 73.73 0.0
635.551 66.30 73.61 0.0
636.052 66.20 73.42 0.0
636.552 66.10 73.23 0.0
637.053 66.00 73.23 0.0
637.554 65.90 73.29 0.0
638.055 65.80 72.91 0.0
638.556 65.70 72.91 0.0
639.057 65.60 72.91 0.0
639.557 65.50 73.04 0.0
640.058 65.40 72.79 0.0
640.559 65.30 72.48 0.0
641.060 65.20 72.98 0.0
641.561 65.10 72.42 0.0
642.062 65.00 72.30 0.0
642.563 64.90 72.36 0.0
643.063 64.80 72.11 0.0
643.564 64.70 72.30 0.0
644.065 64.60 71.99 0.0
644.566 64.50 71.93 0.0
645.067 64.40 71.99 0.0
645.568 64.30 71.81 0.0
646.068 64.20 71.51 0.0
646.569 64.10 71.87 0.0
647.070 64.00 71.45 0.0
647.571 63.90 71.33 0.0
648.072 63.81 71.21 0.0
648.573 63.71 71.27 0.0
649.074 63.62 71.21 0.0
649.575 63.53 70.98 0.0
650.076 63.44 70.80 0.0
650.576 63.35 70.80 0.0
651.077 63.27 70.98 0.0
651.578 63.19 70.86 0.0
652.079 63.11 70.68 0.0
652.580 63.03 70.45 0.0
653.080 62.95 70.45 0.0
653.580 62.88 70.33 0.0
654.081 62.81 70.28 0.0
654.582 62.74 70.22 0.0
655.083 62.67 70.05 0.0
655.584 62.60 70.10 0.0
656.084 62.54 69.93 0.0
656.585 62.48 69.71 0.0
657.086 62.41 69.82 0.0
657.587 62.35 69.71 0.0
658.088 62.29 69.76 0.0
658.589 62.24 69.48 0.0
659.090 62.18 69.42 0.0
659.590 62.13 69.25 0.0
660.091 62.07 69.37 0.0
660.592 62.02 69.14 0.0
661.093 61.97 69.14 0.0
661.594 61.92 68.92 0.0
662.095 61.87 68.98 0.0
662.595 61.83 68.92 0.0
663.096 61.78 68.87 0.0
663.597 61.74 68.81 0.0
664.098 61.69 68.53 0.0
664.599 61.65 68.48 0.0
665.100 61.61 68.32 0.0
665.600 61.57 68.43 0.0
666.101 61.53 68.15 0.0
666.602 61.49 68.21 0.0
667.103 61.45 67.99 0.0
667.604 61.42 67.94 0.0
668.105 61.38 67.83 0.0
668.605 61.35 67.88 0.0
669.106 61.31 67.78 0.0
669.607 61.28 67.67 0.0
670.108 61.25 67.62 0.0
670.609 61.22 67.62 0.0
671.109 61.19 67.51 0.0
671.610 61.16 67.46 0.0
672.111 61.13 67.24 0.0
672.612 61.10 67.35 0.0
673.113 61.07 67.19 0.0
673.614 61.05 67.14 0.0
674.114 61.02 66.93 0.0
674.615 60.99 66.98 0.0
675.116 60.97 66.82 0.0
675.617 60.95 66.88 0.0
676.118 60.92 66.72 0.0
676.619 60.90 66.62 0.0
677.120 60.88 66.51 0.0
677.620 60.85 66.41 0.0
678.121 60.83 66.41 0.0
678.622 60.81 66.31 0.0
679.122 60.79 66.31 0.0
679.622 60.77 66.10 0.0
680.123 60.75 66.05 0.0
680.624 60.73 66.05 0.0
681.125 60.72 65.95 0.0
681.626 60.70 65.70 0.4
682.127 60.68 66.56 0.0
682.628 60.66 65.75 0.0
683.128 60.65 65.70 0.0
683.629 60.63 65.70 0.0
684.130 60.61 65.49 0.4
684.631 60.60 65.34 1.1
685.132 60.58 65.29 1.0
685.633 60.57 65.29 0.5
686.133 60.56 65.19 0.8
686.634 60.54 65.05 1.6
687.135 60.53 65.05 1.1
687.636 60.52 65.00 1.0
688.137 60.50 64.90 1.4
# 13:37:18  stage 2, target 60.0 C, now 64.90 C, 191 s in stage
688.638 60.49 64.95 0.5
689.139 60.48 64.65 2.5
689.639 60.47 64.65 2.0
690.140 60.45 64.50 2.8
690.641 60.44 64.46 2.7
691.142 60.43 64.46 2.2
691.643 60.42 64.46 1.8
692.144 60.41 63.83 6.6
692.644 60.40 64.26 2.4
693.145 60.39 64.07 3.5
693.646 60.38 63.97 3.9
694.147 60.37 63.88 4.2
694.648 60.36 63.97 3.0
695.149 60.35 63.92 3.0
695.649 60.34 63.64 5.0
696.150 60.33 63.78 3.4
696.651 60.33 63.64 4.2
697.152 60.32 63.64 3.8
697.653 60.31 63.49 4.6
698.154 60.30 63.45 4.6
698.654 60.30 63.21 6.2
699.155 60.29 63.21 5.7
699.656 60.28 63.12 6.1
700.157 60.27 62.98 6.9
700.658 60.27 62.98 6.4
701.159 60.26 63.02 5.6
701.660 60.25 62.93 6.1
702.160 60.25 62.93 5.7
702.661 60.24 62.84 6.2
703.162 60.23 62.74 6.6
703.663 60.23 62.70 6.6
704.163 60.22 62.70 6.3
704.663 60.22 62.37 8.7
705.164 60.21 62.47 7.5
705.665 60.21 62.47 7.1
706.166 60.20 62.42 7.2
706.667 60.20 62.47 6.5
707.168 60.19 62.24 8.1
707.668 60.19 63.12 0.5
708.169 60.18 62.24 7.8
708.670 60.18 62.24 7.5
709.171 60.17 62.24 7.2
709.672 60.17 62.10 8.1
710.173 60.16 62.01 8.6
710.673 60.16 62.10 7.5
711.174 60.16 62.01 8.0
711.675 60.15 61.92 8.5
712.176 60.15 61.78 9.3
712.677 60.15 61.69 9.8
713.178 60.14 61.78 8.7
713.678 60.14 61.69 9.2
714.179 60.13 61.78 8.2
714.680 60.13 61.69 8.7
715.181 60.13 61.64 8.8
715.682 60.12 61.60 9.0
716.182 60.12 61.73 7.6
716.683 60.12 61.51 9.3
717.184 60.12 61.60 8.4
717.685 60.11 61.60 8.2
718.186 60.11 61.51 8.8
718.687 60.11 61.42 9.3
719.188 60.10 61.42 9.1
719.688 60.10 61.38 9.3
720.189 60.10 61.33 9.5
720.690 60.10 61.42 8.5
721.191 60.09 61.29 9.5
721.692 60.09 61.29 9.3
722.193 60.09 61.20 9.9
722.693 60.09 61.11 10.4
723.194 60.09 61.24 9.1
723.695 60.08 61.15 9.7
724.196 60.08 61.24 8.8
724.697 60.08 61.15 9.4
725.198 60.08 61.20 8.9
725.699 60.08 60.89 11.4
726.199 60.07 61.15 8.9
726.700 60.07 61.15 8.8
727.201 60.07 61.15 8.8
727.702 60.07 60.98 10.1
728.203 60.07 61.06 9.2
728.704 60.06 60.98 9.9
729.204 60.06 60.98 9.7
729.705 60.06 61.02 9.2
730.205 60.06 61.02 9.2
730.706 60.06 61.02 9.1
731.207 60.06 60.98 9.3
731.708 60.06 61.11 8.2
732.208 60.05 61.11 8.1
732.709 60.05 61.11 8.1
733.210 60.05 61.06 8.4
733.711 60.05 61.33 6.1
734.212 60.05 61.11 8.0
734.713 60.05 61.29 6.5
735.214 60.05 61.11 8.0
735.714 60.05 61.24 6.8
736.215 60.04 61.24 6.8
736.716 60.04 61.02 8.7
737.217 60.04 61.24 6.7
737.718 60.04 61.11 7.8
738.219 60.04 61.11 7.8
738.719 60.04 61.24 6.6
739.220 60.04 61.20 7.0
739.721 60.04 61.11 7.7
740.222 60.04 61.24 6.5
740.723 60.04 61.29 6.2
741.224 60.03 61.20 6.9
741.724 60.03 61.24 6.5
742.225 60.03 61.33 5.7
742.726 60.03 61.33 5.8
743.227 60.03 60.93 9.1
743.728 60.03 61.24 6.4
744.229 60.03 61.29 6.0
744.730 60.03 61.15 7.1
745.230 60.03 61.38 5.2
745.731 60.03 61.29 6.0
746.232 60.03 61.51 4.1
746.733 60.03 61.33 5.6
747.234 60.03 61.46 4.5
747.735 60.02 61.42 4.9
748.236 60.02 61.51 4.2
# 13:38:18  stage 2, target 60.0 C, now 61.51 C, 251 s in stage
748.736 60.02 61.42 5.0
749.237 60.02 61.46 4.6
749.738 60.02 61.38 5.3
750.239 60.02 61.46 4.6
750.740 60.02 61.46 4.6
751.241 60.02 61.60 3.4
751.741 60.02 61.55 3.9
752.242 60.02 61.51 4.2
752.743 60.02 61.78 2.0
753.244 60.02 61.60 3.6
753.745 60.02 61.51 4.3
754.246 60.02 61.60 3.6
754.747 60.02 61.46 4.7
755.247 60.02 61.69 2.8
755.747 60.02 61.73 2.4
756.248 60.02 61.69 2.8
756.749 60.02 61.73 2.5
757.250 60.02 61.69 2.9
757.751 60.01 61.82 1.7
758.251 60.01 61.60 3.6
758.752 60.01 62.01 0.2
759.253 60.01 61.69 2.9
759.754 60.01 61.78 2.1
760.255 60.01 61.87 1.4
760.756 60.01 61.87 1.4
761.256 60.01 61.73 2.6
761.757 60.01 61.69 2.9
762.258 60.01 61.69 2.9
762.759 60.01 61.82 1.7
763.260 60.01 61.82 1.7
763.761 60.01 61.82 1.6
764.261 60.01 61.96 0.5
764.762 60.01 61.82 1.7
765.263 60.01 61.96 0.5
765.764 60.01 61.87 1.3
766.265 60.01 61.82 1.6
766.766 60.01 61.92 0.8
767.267 60.01 61.96 0.4
767.767 60.01 61.82 1.6
768.268 60.01 61.87 1.1
768.769 60.01 61.87 1.1
769.270 60.01 61.82 1.4
769.771 60.01 62.01 0.0
770.272 60.01 61.82 1.4
770.772 60.01 62.01 0.0
771.273 60.01 61.69 2.6
771.774 60.01 61.92 0.6
772.275 60.01 61.92 0.6
772.776 60.01 61.87 0.9
773.277 60.01 61.87 0.8
773.777 60.01 61.82 1.2
774.278 60.01 62.01 0.0
774.779 60.01 61.87 0.8
775.280 60.01 62.05 0.0
775.781 60.01 61.87 0.8
776.282 60.01 61.87 0.7
776.782 60.01 61.87 0.7
777.283 60.01 62.05 0.0
777.784 60.01 61.96 0.0
778.285 60.01 61.73 1.8
778.786 60.01 61.87 0.6
779.287 60.01 61.69 2.0
779.787 60.00 61.87 0.4
780.288 60.00 61.73 1.5
780.789 60.00 61.69 1.8
781.290 60.00 61.73 1.2
781.790 60.00 61.69 1.5
782.291 60.00 61.73 1.1
782.792 60.00 61.55 2.5
783.293 60.00 61.73 0.8
783.794 60.00 61.82 0.0
784.295 60.00 61.64 1.5
784.795 60.00 61.69 1.0
785.296 60.00 61.51 2.4
785.797 60.00 61.51 2.3
786.298 60.00 61.46 2.5
786.799 60.00 61.51 2.0
787.299 60.00 61.46 2.3
787.800 60.00 61.51 1.8
788.301 60.00 61.42 2.4
788.802 60.00 61.33 3.0
789.303 60.00 61.38 2.5
789.804 60.00 61.42 2.0
790.304 60.00 61.42 1.9
790.805 60.00 61.38 2.2
791.306 60.00 61.46 1.3
791.807 60.00 61.29 2.8
792.308 60.00 61.29 2.6
792.809 60.00 61.20 3.3
793.309 60.00 61.11 3.9
793.810 60.00 61.20 3.0
794.311 60.00 61.20 2.8
794.812 60.00 61.15 3.1
795.313 60.00 61.15 3.0
795.814 60.00 61.11 3.2
796.315 60.00 61.02 3.9
796.815 60.00 61.11 3.0
797.316 60.00 61.11 2.9
797.817 60.00 61.02 3.5
798.318 60.00 61.11 2.7
798.819 60.00 60.98 3.7
799.320 60.00 60.93 4.0
799.821 60.00 60.80 4.9
800.321 60.00 60.89 4.0
800.822 60.00 61.02 2.8
801.323 60.00 60.84 4.2
801.824 60.00 60.80 4.5
802.325 60.00 60.75 4.7
802.826 60.00 60.71 4.9
803.326 60.00 60.80 4.1
803.827 60.00 60.71 4.7
804.328 60.00 60.71 4.6
804.829 60.00 60.58 5.6
805.330 60.00 60.62 5.0
805.830 60.00 60.58 5.3
806.331 60.00 60.62 4.8
806.831 60.00 60.54 5.4
807.332 60.00 60.54 5.3
807.833 60.00 60.36 6.7
808.334 60.00 60.32 6.9
# 13:39:18  stage 2, target 60.0 C, now 60.32 C, 311 s in stage
808.835 60.00 60.45 5.6
809.336 60.00 60.41 5.9
809.836 60.00 60.41 5.8
810.337 60.00 60.32 6.4
810.838 60.00 60.45 5.2
811.339 60.00 60.45 5.1
811.840 60.00 60.32 6.1
812.341 60.00 60.41 5.3
812.842 60.00 60.49 4.5
813.343 60.00 60.41 5.2
813.843 60.00 60.41 5.2
814.344 60.00 60.15 7.3
814.845 60.00 60.15 7.2
815.346 60.00 60.32 5.6
815.847 60.00 60.19 6.6
816.348 60.00 60.15 6.9
816.849 60.00 60.19 6.4
817.349 60.00 60.19 6.3
817.850 60.00 60.15 6.6
# 13:39:28  stage 2 done at 60.15 C after 321 s
# 13:39:28  stage 3/3: target 120.0 C (up)
818.351 60.00 60.19 6.2
818.853 60.00 59.93 8.4
819.354 60.01 60.23 5.9
819.855 60.02 60.15 6.7
820.355 60.02 60.10 7.2
820.856 60.04 60.15 6.9
821.357 60.05 60.02 8.1
821.858 60.07 60.06 7.8
822.359 60.09 60.10 7.6
822.860 60.11 60.19 7.0
823.361 60.13 60.19 7.2
823.861 60.15 60.06 8.4
824.362 60.18 59.93 9.7
824.863 60.21 59.89 10.1
825.364 60.24 59.97 9.5
825.865 60.27 60.10 8.6
826.366 60.30 60.02 9.6
826.866 60.34 59.97 10.1
827.367 60.37 59.97 10.3
827.868 60.41 59.89 11.2
828.369 60.45 59.97 10.7
828.870 60.49 59.93 11.3
829.370 60.53 59.93 11.5
829.871 60.58 60.02 11.0
830.372 60.62 59.97 11.7
830.872 60.67 59.84 13.0
831.373 60.72 59.80 13.6
831.874 60.77 59.93 12.8
832.374 60.82 59.93 13.0
832.875 60.87 59.84 14.0
833.376 60.93 59.80 14.7
833.877 60.98 59.93 13.9
834.378 61.03 60.06 13.1
834.879 61.09 59.97 14.2
835.380 61.15 60.10 13.5
835.880 61.21 60.10 13.9
836.381 61.27 60.15 13.9
836.882 61.33 60.10 14.7
837.383 61.39 60.06 15.4
837.884 61.45 60.15 15.1
838.384 61.52 60.06 16.2
838.885 61.58 60.10 16.2
839.386 61.65 60.19 15.9
839.887 61.71 60.06 17.4
840.388 61.78 60.19 16.7
840.888 61.85 60.15 17.5
841.390 61.92 60.23 17.2
841.890 61.99 60.15 18.4
842.391 62.06 60.45 16.3
842.892 62.13 60.27 18.3
843.393 62.20 60.19 19.5
843.894 62.27 60.27 19.2
844.395 62.35 60.45 18.2
844.895 62.42 60.45 18.7
845.396 62.49 60.49 18.9
845.897 62.57 60.41 20.1
846.398 62.64 60.49 19.9
846.899 62.72 60.49 20.4
847.399 62.80 60.54 20.6
847.900 62.88 60.75 19.3
848.401 62.95 60.67 20.6
848.902 63.03 60.89 19.3
849.403 63.11 60.71 21.4
849.903 63.19 60.80 21.2
850.404 63.27 60.93 20.7
850.905 63.35 61.06 20.2
851.406 63.43 61.06 20.9
851.907 63.51 61.11 21.1
852.407 63.60 61.29 20.3
852.908 63.68 61.06 22.8
853.409 63.76 61.29 21.6
853.910 63.85 61.38 21.5
854.411 63.93 61.33 22.5
854.911 64.01 61.33 23.2
855.412 64.10 61.51 22.3
855.913 64.18 61.29 24.9
856.413 64.27 61.46 23.9
856.914 64.35 61.82 21.6
857.415 64.44 61.87 22.0
857.915 64.53 61.82 23.1
858.416 64.61 61.96 22.7
858.917 64.70 62.15 21.9
859.418 64.79 62.05 23.4
859.919 64.88 62.33 21.9
860.419 64.96 62.19 23.8
860.920 65.05 62.33 23.4
861.421 65.14 62.56 22.2
861.922 65.23 62.51 23.4
862.423 65.32 62.70 22.6
862.924 65.41 62.88 21.9
863.424 65.50 62.98 22.0
863.925 65.59 63.07 22.0
864.426 65.68 63.16 22.1
864.927 65.77 63.40 21.0
865.428 65.86 63.31 22.7
865.928 65.95 63.40 22.7
866.429 66.04 63.73 20.8
866.930 66.13 63.59 22.9
867.431 66.23 63.59 23.7
867.932 66.32 63.92 21.7
868.433 66.41 64.07 21.4
# 13:40:18  stage 3, target 120.0 C, now 64.07 C, 50 s in stage
868.933 66.50 64.26 20.7
869.434 66.59 64.31 21.3
869.935 66.69 64.41 21.4
870.436 66.78 64.46 21.9
870.937 66.87 64.55 21.9
871.438 66.97 64.90 20.0
871.938 67.06 64.80 21.8
872.439 67.15 65.10 20.2
872.940 67.25 65.05 21.6
873.441 67.34 65.15 21.6
873.941 67.43 65.39 20.4
874.442 67.53 65.39 21.4
874.943 67.62 65.65 20.2
875.444 67.72 65.85 19.5
875.945 67.81 66.05 18.8
876.445 67.91 66.00 20.2
876.946 68.00 66.20 19.4
877.447 68.10 66.41 18.7
877.948 68.19 66.31 20.6
878.449 68.29 66.67 18.5
878.950 68.38 66.77 18.6
879.450 68.48 66.88 18.7
879.951 68.57 67.24 16.6
880.452 68.67 67.24 17.7
880.953 68.76 67.24 18.7
881.453 68.86 67.51 17.5
881.954 68.96 67.56 18.1
882.455 69.05 67.94 15.9
882.955 69.15 67.88 17.4
883.456 69.24 68.26 15.2
883.957 69.34 68.21 16.8
884.458 69.44 68.37 16.4
884.959 69.53 68.59 15.6
885.459 69.63 68.59 16.6
885.960 69.73 68.87 15.3
886.461 69.82 68.92 15.9
886.962 69.92 69.09 15.5
887.463 70.02 69.25 15.1
887.964 70.11 69.48 14.2
888.465 70.21 69.54 14.8
888.965 70.31 69.65 14.9
889.466 70.41 69.88 14.0
889.967 70.50 69.93 14.5
890.468 70.60 70.05 14.6
890.969 70.70 70.16 14.6
891.470 70.80 70.45 13.2
891.970 70.89 70.62 12.7
892.471 70.99 70.80 12.3
892.972 71.09 70.80 13.3
893.473 71.19 70.80 14.3
893.974 71.28 71.15 12.3
894.475 71.38 71.33 11.8
894.975 71.48 71.33 12.9
895.476 71.58 71.57 11.9
895.977 71.68 71.63 12.4
896.478 71.77 71.81 11.8
896.979 71.87 71.81 12.8
897.479 71.97 71.99 12.2
897.980 72.07 72.24 11.2
898.481 72.17 72.24 12.2
898.982 72.26 72.30 12.6
899.483 72.36 72.54 11.5
899.984 72.46 72.67 11.4
900.484 72.56 72.85 10.8
900.986 72.66 72.85 11.8
901.486 72.76 73.10 10.6
901.987 72.85 73.23 10.5
902.488 72.95 73.48 9.4
902.989 73.05 73.48 10.4
903.490 73.15 73.67 9.7
903.991 73.25 73.86 9.1
904.491 73.35 73.73 11.1
904.992 73.45 74.25 7.7
905.493 73.55 74.18 9.3
905.994 73.64 74.18 10.2
906.495 73.74 74.38 9.5
906.995 73.84 74.38 10.4
907.496 73.94 74.57 9.7
907.997 74.04 74.71 9.5
908.497 74.14 74.71 10.4
908.998 74.24 74.84 10.1
909.499 74.34 75.04 9.3
910.000 74.44 75.17 9.1
910.501 74.53 75.44 7.8
911.002 74.63 75.24 10.4
911.502 74.73 75.57 8.5
912.003 74.83 75.44 10.5
912.504 74.93 75.84 7.9
913.005 75.03 75.77 9.4
913.506 75.13 75.91 9.1
914.007 75.23 76.12 8.3
914.507 75.33 76.05 9.8
915.008 75.43 76.05 10.6
915.509 75.53 76.18 10.2
916.010 75.62 76.53 8.1
916.511 75.72 76.60 8.4
917.011 75.82 76.60 9.3
917.512 75.92 76.88 7.8
918.013 76.02 76.60 11.0
918.514 76.12 76.74 10.6
919.015 76.22 77.17 7.9
919.516 76.32 77.24 8.2
920.016 76.42 77.24 9.0
920.517 76.52 77.52 7.5
921.018 76.62 77.45 9.0
921.519 76.72 77.81 6.8
922.020 76.82 77.52 10.1
922.521 76.92 78.03 6.7
923.022 77.02 77.81 9.4
923.523 77.12 77.88 9.6
924.024 77.22 77.81 11.0
924.524 77.31 77.95 10.5
925.025 77.41 78.10 10.0
925.526 77.51 78.10 10.8
926.027 77.61 78.46 8.5
926.528 77.71 78.61 8.1
927.029 77.81 78.46 10.2
927.530 77.91 78.24 12.8
928.031 78.01 78.61 10.3
928.532 78.11 156.37 0.0
# 13:41:18  ABORT at 156.37 C, limit 130.0 C
